Yil,Ay,Gun,Humidity,Pressure (hPa),WindSpeed[m/s],T,Density,Turbine Power (W)
2011,1,1,78,1021.8,4.1,3.7,1.28578,82.45
2011,1,2,79.2,1016.4,4.6,6.5,1.26619,114.67
2011,1,3,92.2,1011.7,9.3,7.3,1.25676,940.51
2011,1,4,86.9,1018.9,11.3,3.4,1.28353,1723.07
2011,1,5,81.5,1023.6,9.8,4.8,1.28296,1123.45
2011,1,6,73.5,1026.2,7.2,4.6,1.28714,446.98
2011,1,7,81.6,1029.7,5.1,2.9,1.29948,160.38
2011,1,8,80.8,1028.4,5.1,4.9,1.28851,159.02
2011,1,9,80.6,1025.3,4.1,6.2,1.27865,81.99
2011,1,10,88.4,1025.3,5.1,7,1.27501,157.36
2011,1,11,85.1,1023,4.1,7.8,1.26853,81.34
2011,1,12,88.2,1018.8,6.2,8.4,1.26064,279.53
2011,1,13,90.8,1017,10.8,9,1.25574,1471.74
2011,1,14,88.9,1016.8,5.7,6.9,1.26489,217.94
2011,1,15,84,1019.3,4.1,7.4,1.26574,81.16
2011,1,16,90.5,1019.8,11.3,8.6,1.26098,1692.8
2011,1,17,77.5,1028.1,11.8,8,1.27394,1947.41
2011,1,18,82.2,1026.2,10.3,6.3,1.27932,1300.62
2011,1,19,82.3,1022.5,6.7,6,1.27608,357.08
2011,1,20,83.6,1018.9,4.6,6,1.27158,115.15
2011,1,21,90.7,1018.6,5.1,8.6,1.2595,155.44
2011,1,22,85.1,1016.7,9.8,11.1,1.2461,1091.17
2011,1,23,83.9,1013.8,14.4,12.1,1.23819,3439.83
2011,1,24,93.1,1013.7,10.3,8.6,1.25344,1274.31
2011,1,25,94.5,1012.3,12.9,3.1,1.2766,2549.69
2011,1,26,88,1015.6,7.2,2.1,1.28541,446.38
2011,1,27,82,1018.4,3.6,3.9,1.28058,55.59
2011,1,28,78.3,1017.6,15.4,4.4,1.27727,4340.17
2011,1,29,75.3,1017.4,14.4,4.9,1.27472,3541.32
2011,1,30,73,1020.6,7.7,2.6,1.28939,547.67
2011,1,31,73.4,1020.8,10.3,2,1.29245,1313.98
2011,2,1,68.1,1024.9,9.8,2.2,1.2967,1135.48
2011,2,2,73.8,1023.8,9.3,3.1,1.29109,966.2
2011,2,3,68.6,1020.2,11.8,4.8,1.27869,1954.66
2011,2,4,74.8,1021.1,14.9,4.7,1.28028,3940.26
2011,2,5,71.5,1025.9,9.8,6.2,1.27939,1120.33
2011,2,6,83,1024.4,5.1,6.3,1.27708,157.61
2011,2,7,82.1,1022.9,9.8,8.1,1.26705,1109.52
2011,2,8,76,1021.8,5.7,8.2,1.26523,218
2011,2,9,74.9,1017.8,12.3,7.9,1.26163,2184.27
2011,2,10,73,1020.6,10.3,6.5,1.27142,1292.6
2011,2,11,68.3,1023.4,4.6,5.5,1.27948,115.87
2011,2,12,72,1014.7,13.4,8.5,1.2551,2809.67
2011,2,13,73.3,1016.9,10.3,8.8,1.25649,1277.41
2011,2,14,70.6,1014,8.7,7.4,1.25915,771.43
2011,2,15,73.2,1010.6,11.8,7,1.25672,1921.08
2011,2,16,65.2,1016,12.3,5.5,1.27023,2199.16
2011,2,17,69.8,1017.6,5.7,5.8,1.27086,218.97
2011,2,18,88.8,1013.9,10.3,10.3,1.24617,1266.93
2011,2,19,84.8,1001.3,11.3,10.2,1.23112,1652.71
2011,2,20,82.8,1010.2,10.3,6.3,1.25937,1280.35
2011,2,21,76.3,1016.2,9.3,5.9,1.26866,949.42
2011,2,22,85.4,1010.2,9.3,6,1.26073,943.48
2011,2,23,96.3,1011.2,11.3,7.2,1.25659,1686.9
2011,2,24,94.5,1015.2,13.9,5.4,1.2697,3172.54
2011,2,25,91.3,1015.2,14.4,3,1.28072,3557.98
2011,2,26,89.3,1019.4,14.4,0.5,1.29776,3605.32
2011,2,27,89.9,1018.6,14.9,0.5,1.29674,3990.93
2011,2,28,87.5,1021.5,12.3,2.1,1.29288,2238.38
2011,3,1,87.2,1026.9,11.8,3.4,1.29361,1977.47
2011,3,2,81.8,1029.6,12.3,3.6,1.29607,2243.91
2011,3,3,76.8,1029.4,14.4,6,1.28468,3568.98
2011,3,4,76.7,1030.1,12.3,5.8,1.28648,2227.3
2011,3,5,72.3,1024.5,10.8,5.6,1.2804,1500.64
2011,3,6,83.7,1011.7,10.3,6.5,1.26034,1281.33
2011,3,7,81.9,1016.2,21.1,4.3,1.27598,11151.97
2011,3,8,63.1,1022.3,20.6,2.1,1.29388,10523.4
2011,3,9,56.4,1022.4,15.4,1,1.29919,4414.65
2011,3,10,59.1,1022.5,9.8,1.8,1.29554,1134.46
2011,3,11,68.5,1022.9,4.1,3.9,1.28623,82.48
2011,3,12,70.6,1026.2,4.1,6,1.28068,82.12
2011,3,13,74.8,1027.4,5.1,8,1.27307,157.12
2011,3,14,78.9,1027.2,7.2,8.2,1.27192,441.69
2011,3,15,85.9,1026.1,6.7,9.9,1.26295,353.4
2011,3,16,87.1,1024.1,9.8,11.5,1.25341,1097.57
2011,3,17,90.3,1020.1,9.3,10.3,1.2538,938.29
2011,3,18,88.6,1016,6.7,11.3,1.24437,348.21
2011,3,19,96,1014.7,10.3,10.4,1.24672,1267.49
2011,3,20,95,1018,13.4,8,1.26144,2823.86
2011,3,21,83.4,1023.4,17.5,6.5,1.27492,6357.08
2011,3,22,63.5,1029.3,16.5,6.2,1.28363,5364.79
2011,3,23,65.3,1028.1,11.3,6.3,1.28168,1720.58
2011,3,24,63.3,1025.8,9.3,10.2,1.26122,943.85
2011,3,25,74.9,1025.1,5.1,9.3,1.26438,156.05
2011,3,26,77.2,1019.2,12.3,11.1,1.24915,2162.68
2011,3,27,78,1017.3,12.9,13.2,1.23769,2471.97
2011,3,28,85.8,1019.5,5.1,11.7,1.2469,153.89
2011,3,29,91.9,1017,10.8,10.9,1.24735,1461.91
2011,3,30,93,1017.1,8.7,12.8,1.2392,759.21
2011,3,31,93.9,1019.5,10.3,11.4,1.24822,1269.01
2011,4,1,92.3,1020.5,13.9,10.3,1.25429,3134.03
2011,4,2,94.8,1015.4,13.4,9.1,1.25332,2805.68
2011,4,3,90.3,1013.1,8.2,9.3,1.2496,641.02
2011,4,4,79.2,1015.8,9.3,8.8,1.25513,939.29
2011,4,5,81.5,1017.3,9.8,9.3,1.25477,1098.76
2011,4,6,80.5,1018.9,10.3,10.6,1.25099,1271.82
2011,4,7,73.9,1019.4,11.3,12.1,1.24502,1671.37
2011,4,8,80.3,1012.5,9.3,11.2,1.24051,928.35
2011,4,9,82.6,1008.3,9.3,12.5,1.22975,920.3
2011,4,10,60.4,1010.3,8.2,13.7,1.22702,629.44
2011,4,11,71,1013,11.3,9.2,1.2499,1677.92
2011,4,12,79.4,1016.3,8.7,8,1.25932,771.54
2011,4,13,72.9,1011.5,15.9,13.8,1.22806,4592.76
2011,4,14,78.8,1006.8,25.7,12.1,1.22964,19419.52
2011,4,15,78.8,1012.7,7.2,9.9,1.24645,432.85
2011,4,16,74.2,1016.8,13.4,9.6,1.25281,2804.55
2011,4,17,63.4,1019,12.9,9.8,1.25463,2505.8
2011,4,18,89.9,1014.9,15.4,7.6,1.25939,4279.39
2011,4,19,88.5,1012.7,8.2,7.7,1.25621,644.41
2011,4,20,86.4,1014.4,12.9,10.6,1.24547,2487.5
2011,4,21,53.3,1021.5,17,10.9,1.25283,5726.65
2011,4,22,58.1,1019.2,13.9,10.1,1.25354,3132.16
2011,4,23,66.2,1018.6,13.4,10.1,1.25281,2804.54
2011,4,24,63.8,1020.4,9.8,11,1.25105,1095.51
2011,4,25,75.2,1020.3,13.4,10.6,1.2527,2804.29
2011,4,26,71.3,1016.2,14.4,11.7,1.24285,3452.77
2011,4,27,91.2,1013.6,9.3,10.8,1.24362,930.67
2011,4,28,92.8,1010.4,11.3,12,1.23448,1657.23
2011,4,29,81,1009,7.7,13.9,1.22461,520.15
2011,4,30,86,1009.8,6.2,13.4,1.22772,272.23
2011,5,1,87.9,1009.3,7.2,14.3,1.22328,424.8
2011,5,2,96.1,1008.2,11.8,14.5,1.22111,1866.65
2011,5,3,94.7,1008.8,9.3,15.1,1.2193,912.47
2011,5,4,98.5,1005.1,8.7,14.6,1.21694,745.57
2011,5,5,90.3,1012.8,10.3,14.6,1.22625,1246.67
2011,5,6,77.3,1022.3,13.9,12.6,1.24639,3114.28
2011,5,7,59,1023.9,8.7,12.4,1.24919,765.33
2011,5,8,61.1,1016.9,10.8,12,1.24239,1456.1
2011,5,9,71.8,1019.2,12.9,13,1.24086,2478.31
2011,5,10,73,1018.9,10.8,12.9,1.24093,1454.39
2011,5,11,66.7,1014.1,14.4,14,1.23036,3418.06
2011,5,12,72,1012.1,11.3,13.6,1.22965,1650.73
2011,5,13,73.5,1015.7,8.2,13.9,1.23273,632.37
2011,5,14,70.8,1017.4,9.3,16.9,1.22204,914.52
2011,5,15,74.1,1016.8,3.6,16.5,1.22301,53.09
2011,5,16,74.3,1015.5,8.2,16.8,1.22018,625.93
2011,5,17,72.8,1015.7,7.7,17.8,1.21623,516.6
2011,5,18,73.5,1016.4,13.9,17.5,1.21833,3044.17
2011,5,19,80.5,1015.8,13.4,17,1.21971,2730.44
2011,5,20,75.2,1016.8,8.7,17.8,1.21755,745.95
2011,5,21,73.2,1017.5,8.2,19.5,1.21132,621.39
2011,5,22,69,1017.7,5.7,20.4,1.20785,208.11
2011,5,23,66.3,1018.2,12.9,20.2,1.20926,2415.18
2011,5,24,66.8,1018,12.3,20.4,1.2082,2091.78
2011,5,25,68.3,1016.3,13.4,20.5,1.20577,2699.24
2011,5,26,66.6,1015.8,13.4,21.5,1.2011,2688.77
2011,5,27,76,1016,13.9,19.7,1.20872,3020.17
2011,5,28,75.1,1012.7,12.3,19,1.20767,2090.86
2011,5,29,69,1012.4,10.3,19.9,1.2036,1223.65
2011,5,30,64.9,1015.6,8.2,20.6,1.20453,617.9
2011,5,31,70,1015.9,8.2,20.9,1.20367,617.46
2011,6,1,76.5,1015.1,6.2,20.6,1.20396,266.96
2011,6,2,72.7,1014.9,8.2,21.7,1.19923,615.18
2011,6,3,70.5,1015.6,8.7,22.6,1.19641,732.99
2011,6,4,66.8,1016,12.9,22.9,1.19566,2388.03
2011,6,5,55,1014.7,9.8,22.5,1.19572,1047.06
2011,6,6,63.3,1014,11.3,23.1,1.1925,1600.86
2011,6,7,58.7,1014,11.8,22.4,1.19531,1827.2
2011,6,8,61.8,1013.7,5.7,22.5,1.19456,205.82
2011,6,9,74.6,1009.3,11.3,22,1.19141,1599.4
2011,6,10,72.5,1005.3,7.7,22.7,1.18388,502.85
2011,6,11,63.7,1007.1,3.6,22.8,1.18558,51.46
2011,6,12,75.7,1009.3,9.3,21,1.19545,894.63
2011,6,13,78.9,1011,11.8,20.9,1.19788,1831.13
2011,6,14,74.6,1012.4,11.8,21,1.19912,1833.03
2011,6,15,67.8,1014.2,12.3,22.4,1.19556,2069.9
2011,6,16,65.7,1015.6,11.8,22.9,1.19519,1827.02
2011,6,17,66,1016.1,10.3,22.8,1.19618,1216.1
2011,6,18,64.5,1015,9.3,23.8,1.19087,891.2
2011,6,19,63.9,1012.5,5.1,24.3,1.18594,146.36
2011,6,20,64.7,1010.9,11.3,24.5,1.18328,1588.48
2011,6,21,59.3,1017.5,12.3,24.4,1.19139,2062.67
2011,6,22,57.7,1019.5,14.9,23.9,1.19573,3680.05
2011,6,23,54.8,1016.7,14.9,24,1.19204,3668.69
2011,6,24,56.3,1013.5,12.3,24.9,1.18471,2051.11
2011,6,25,59.5,1009.9,12.3,24.4,1.18249,2047.26
2011,6,26,54.6,1013.7,14.4,21.5,1.19859,3329.81
2011,6,27,49.3,1014,10.8,20.3,1.20383,1410.91
2011,6,28,60.5,1010.8,9.3,19.7,1.20251,899.91
2011,6,29,54.6,1008.7,7.7,20.6,1.19633,508.14
2011,6,30,68.1,1010.5,9.8,20.7,1.19808,1049.12
2011,7,1,70.5,1009.4,7.2,22.1,1.19112,413.63
2011,7,2,68.1,1010.5,7.2,23.5,1.18679,412.13
2011,7,3,69.4,1009.1,9.8,22.7,1.18835,1040.6
2011,7,4,63.6,1011.5,7.2,23.1,1.18956,413.09
2011,7,5,60.3,1012.6,4.6,23,1.19125,107.88
2011,7,6,65.4,1008.6,8.7,23.4,1.18495,725.97
2011,7,7,59.5,1012,8.2,25.4,1.18099,605.83
2011,7,8,54.9,1015.1,12.3,25.6,1.1838,2049.54
2011,7,9,56.1,1017.2,13.4,26.3,1.18349,2649.35
2011,7,10,61,1015.7,16.5,25.6,1.18452,4950.56
2011,7,11,54.3,1012.5,12.9,27,1.17527,2347.3
2011,7,12,57.9,1011.1,12.9,27.1,1.17327,2343.3
2011,7,13,61.6,1011.1,12.3,26.9,1.17406,2032.66
2011,7,14,63.9,1012.1,11.8,26.5,1.17679,1798.9
2011,7,15,62.5,1013.3,11.3,27.3,1.17505,1577.44
2011,7,16,48.2,1011.8,9.3,27.7,1.17172,876.87
2011,7,17,56.9,1007.1,9.3,27.6,1.16669,873.1
2011,7,18,54.1,1004.9,11.3,28.4,1.16105,1558.64
2011,7,19,53.9,1006.7,9.3,28.7,1.16197,869.57
2011,7,20,59.8,1005.1,5.7,28.4,1.16129,200.09
2011,7,21,63.2,1000.3,9.3,27.7,1.15844,866.93
2011,7,22,55.3,1005.6,6.2,26.9,1.16766,258.91
2011,7,23,50.6,1008.2,10.3,26.9,1.17066,1190.16
2011,7,24,51.2,1003.9,10.8,27.7,1.16258,1362.56
2011,7,25,67,1002.4,7.2,26.9,1.16397,404.2
2011,7,26,67.9,1008.6,12.9,25.8,1.17547,2347.69
2011,7,27,62.1,1014.9,6.2,26.3,1.18083,261.83
2011,7,28,58.8,1013.9,12.3,27.4,1.17535,2034.9
2011,7,29,63.2,1007.1,11.3,27.5,1.16709,1566.75
2011,7,30,70.1,1005.7,8.2,26.5,1.16936,599.86
2011,7,31,63.6,1008,11.3,26.6,1.17163,1572.85
2011,8,1,58.7,1007.8,12.3,27.1,1.16944,2024.67
2011,8,2,57.3,1010.1,13.9,26.7,1.17367,2932.58
2011,8,3,57.2,1012.9,11.3,26.5,1.1777,1581
2011,8,4,56.9,1013.1,5.1,26.3,1.17872,145.47
2011,8,5,55.4,1012,15.9,26.1,1.17822,4406.35
2011,8,6,56.9,1012.7,13.4,25.5,1.1814,2644.68
2011,8,7,58.7,1012.4,8.7,25.2,1.18224,724.31
2011,8,8,58.4,1012.5,13.9,25.6,1.18078,2950.36
2011,8,9,57.7,1010.1,12.3,25.6,1.17798,2039.45
2011,8,10,61.4,1007.2,15.4,25.8,1.17382,3988.65
2011,8,11,64.2,1010.4,14.9,21.9,1.19309,3671.92
2011,8,12,52.1,1011.4,11.3,23.1,1.18942,1596.73
2011,8,13,53.3,1008.8,8.2,24.3,1.18158,606.13
2011,8,14,51.8,1008.9,8.7,25,1.17893,722.28
2011,8,15,54,1010.5,8.2,26.2,1.17608,603.31
2011,8,16,53.4,1011.1,10.3,26.8,1.17443,1193.98
2011,8,17,49.7,1011.7,12.3,27.6,1.17199,2029.09
2011,8,18,60.6,1013.9,14.9,27,1.17691,3622.14
2011,8,19,50.4,1016.4,11.8,25.4,1.1861,1813.13
2011,8,20,50.8,1015.3,12.3,25.1,1.18601,2053.35
2011,8,21,54.2,1015,14.4,25.5,1.18408,3289.5
2011,8,22,55.7,1016.2,15.4,25.5,1.18548,4028.27
2011,8,23,51.3,1016.8,13.4,25.5,1.18617,2655.36
2011,8,24,58.2,1015.5,15.4,25.1,1.18626,4030.91
2011,8,25,60.7,1014.1,13.4,26.1,1.18068,2643.06
2011,8,26,59.3,1015,19.5,24.8,1.18687,8187.81
2011,8,27,62.3,1014.3,15.4,24.6,1.18685,4032.92
2011,8,28,60.1,1013.1,15.4,24,1.18783,4036.25
2011,8,29,60.3,1011.2,14.4,24,1.1856,3293.73
2011,8,30,58.9,1010.2,5.1,23.8,1.18523,146.28
2011,8,31,59.7,1010.6,4.6,22.7,1.1901,107.77
2011,9,1,53.7,1012.4,5.1,24.5,1.18501,146.25
2011,9,2,49.2,1011.8,9.8,26.5,1.1764,1030.14
2011,9,3,54.3,1011.6,18,25.1,1.18169,6411.86
2011,9,4,63,1015.5,13.4,24.8,1.18746,2658.25
2011,9,5,58,1017,12.9,24.6,1.19,2376.72
2011,9,6,59.8,1015.9,11.8,24.2,1.19031,1819.57
2011,9,7,60.5,1012.3,13.4,23.6,1.18849,2660.55
2011,9,8,59.3,1008.2,12.3,23.5,1.18407,2050.01
2011,9,9,64.3,1009,5.1,23.9,1.18343,146.05
2011,9,10,57,1015.9,9.8,25.1,1.18672,1039.17
2011,9,11,52.8,1017.4,10.8,24.1,1.19246,1397.57
2011,9,12,53.1,1013.8,12.9,23.9,1.18904,2374.79
2011,9,13,58.9,1012,12.9,24.4,1.18495,2366.62
2011,9,14,61.5,1012.6,12.9,24.6,1.18486,2366.45
2011,9,15,53,1012.5,10.3,24.4,1.18552,1205.26
2011,9,16,66,1013.2,14.4,24.8,1.18478,3291.44
2011,9,17,60,1013.4,14.4,25.1,1.18381,3288.75
2011,9,18,63.5,1011.7,16.5,24.6,1.18381,4947.61
2011,9,19,62.2,1012.5,9.3,23.1,1.19073,891.1
2011,9,20,67.3,1013.7,9.3,23.1,1.19215,892.16
2011,9,21,71.9,1009.3,11.8,22.4,1.18979,1818.78
2011,9,22,77.7,1008.9,11.8,20.1,1.19864,1832.3
2011,9,23,61.6,1011.7,10.8,22.1,1.19381,1399.16
2011,9,24,59.4,1013.8,11.3,20.7,1.20198,1613.59
2011,9,25,68,1018.1,13.4,21.9,1.20219,2691.21
2011,9,26,61.3,1021.6,13.9,21.2,1.20917,3021.3
2011,9,27,59.7,1022,13.9,20.8,1.21129,3026.58
2011,9,28,60.8,1020.6,14.9,20.7,1.21004,3724.09
2011,9,29,64.8,1019.1,13.9,21.2,1.20622,3013.92
2011,9,30,62.3,1019.9,12.9,20,1.21209,2420.85
2011,10,1,57.3,1022.2,12.3,18.5,1.22106,2114.04
2011,10,2,65,1018.1,10.8,18.8,1.21493,1423.91
2011,10,3,59,1020.5,13.4,20.4,1.21115,2711.28
2011,10,4,59.6,1020.6,10.8,18.6,1.21873,1428.37
2011,10,5,51.7,1019.2,11.3,17.9,1.21997,1637.75
2011,10,6,49.5,1018.6,7.2,17.6,1.22051,423.84
2011,10,7,74.5,1014.9,9.3,18,1.21444,908.84
2011,10,8,72.3,1008.8,16.5,21.7,1.19202,4981.93
2011,10,9,84.1,1003,15.4,20.1,1.19164,4049.21
2011,10,10,93.3,1005.7,13.9,13.2,1.2236,3057.35
2011,10,11,84,1010.6,10.8,11.6,1.23645,1449.14
2011,10,12,69,1014,5.7,14.6,1.22768,211.53
2011,10,13,76.8,1016.4,4.6,16,1.22464,110.9
2011,10,14,85.4,1019.4,10.8,14.7,1.23381,1446.04
2011,10,15,82.4,1022.2,14.4,12.6,1.24627,3462.27
2011,10,16,79.4,1020.7,12.9,9.7,1.25718,2510.89
2011,10,17,79.8,1019.8,10.8,6.7,1.26952,1487.9
2011,10,18,72.8,1021.5,8.7,7.7,1.26711,776.31
2011,10,19,76.7,1025.1,7.7,9.7,1.2626,536.29
2011,10,20,78.8,1023.1,4.6,11.9,1.25042,113.24
2011,10,21,70.3,1021.2,7.7,12.7,1.2446,528.64
2011,10,22,75,1021.6,13.4,13.9,1.2399,2775.63
2011,10,23,75.4,1021.8,13.4,14.6,1.23713,2769.43
2011,10,24,76,1019.4,13.4,14.6,1.23422,2762.92
2011,10,25,76.4,1020.8,13.4,14.9,1.23463,2763.84
2011,10,26,73.5,1022.5,14.4,13.4,1.24315,3453.6
2011,10,27,59.3,1024.9,14.4,12.8,1.24866,3468.91
2011,10,28,63,1027.3,13.9,12.5,1.2529,3130.57
2011,10,29,65,1026.5,12.9,12.6,1.25149,2499.53
2011,10,30,70.9,1025.1,13.4,11.7,1.25374,2806.61
2011,10,31,70,1023.7,9.3,12.1,1.25027,935.65
2011,11,1,70.4,1021.4,8.2,11.4,1.25053,641.5
2011,11,2,79.1,1021.5,10.3,10.3,1.25551,1276.41
2011,11,3,72.2,1020.8,8.7,11.4,1.24979,765.7
2011,11,4,76.4,1021.9,8.7,10.8,1.25378,768.14
2011,11,5,79.1,1022.8,11.3,10.8,1.25489,1684.62
2011,11,6,79,1024.2,12.3,11.1,1.25528,2173.3
2011,11,7,70.5,1028.2,11.3,12.7,1.25313,1682.26
2011,11,8,67.8,1029.2,13.4,11.1,1.2614,2823.77
2011,11,9,80.4,1024.3,5.7,9.7,1.26162,217.38
2011,11,10,80,1018.3,10.3,12.5,1.24195,1262.63
2011,11,11,71.2,1023.5,14.9,9.9,1.25973,3877.02
2011,11,12,67.7,1029.7,18.5,6.4,1.28321,7559.19
2011,11,13,69.6,1027.9,17.5,6.9,1.27869,6375.87
2011,11,14,78.8,1022.8,17,7.3,1.27054,5807.58
2011,11,15,74.5,1018.7,14.9,7.7,1.26364,3889.05
2011,11,16,67.6,1021,11.8,8.3,1.26379,1931.89
2011,11,17,72.5,1024.5,13.4,7.7,1.27083,2844.88
2011,11,18,65.3,1025.5,10.8,6.6,1.27706,1496.74
2011,11,19,77.1,1024.3,8.2,5.7,1.27969,656.46
2011,11,20,79.5,1024.1,8.7,7.1,1.27306,779.95
2011,11,21,79.3,1024,10.8,9.2,1.26348,1480.81
2011,11,22,81.3,1024.8,4.1,6.9,1.27484,81.75
2011,11,23,80.1,1026.6,11.8,7.3,1.27526,1949.42
2011,11,24,83.1,1029.2,13.4,9,1.27079,2844.79
2011,11,25,64.2,1030.1,14.4,8.3,1.27505,3542.22
2011,11,26,60.2,1026.9,11.3,7.5,1.27471,1711.22
2011,11,27,66.2,1027,9.8,6.9,1.27756,1118.72
2011,11,28,83,1025.1,4.1,5.4,1.28207,82.21
2011,11,29,78.8,1028,10.3,7.5,1.27609,1297.34
2011,11,30,78.9,1026.5,10.3,7.7,1.27332,1294.52
2011,12,1,76.3,1026.2,6.7,6,1.28069,358.37
2011,12,2,69.7,1025.6,6.7,6.2,1.27902,357.9
2011,12,3,76.8,1024.5,4.6,6.8,1.27492,115.46
2011,12,4,82,1023.3,10.8,9.7,1.26038,1477.19
2011,12,5,78.1,1019.1,10.3,13.7,1.23773,1258.34
2011,12,6,72.2,1013.6,16.5,15.6,1.22295,5111.19
2011,12,7,80.9,1012.1,10.8,14,1.22795,1439.17
2011,12,8,79.2,1017.1,4.1,7.7,1.26166,80.9
2011,12,9,72.5,1025.6,5.1,6.2,1.27902,157.85
2011,12,10,73.7,1026.2,9.8,6.9,1.27657,1117.86
2011,12,11,74.4,1024.1,8.2,12.3,1.24989,641.17
2011,12,12,83.7,1024.3,5.1,12.3,1.25014,154.29
2011,12,13,84.6,1020.7,7.7,13,1.24271,527.84
2011,12,14,86.1,1020.9,3.6,12.6,1.24469,54.03
2011,12,15,88.5,1022,8.7,11.1,1.2526,767.42
2011,12,16,87.4,1013,21.6,12.5,1.23549,11584.09
2011,12,17,74.9,1005.5,22.6,13.6,1.22163,13119.79
2011,12,18,75,1008.5,13.4,14,1.22357,2739.08
2011,12,19,84.2,1014.8,13.9,12.7,1.23682,3090.38
2011,12,20,87.4,1009.6,18.5,12.8,1.23005,7246.04
2011,12,21,71.7,1012.2,13.4,10.9,1.24144,2779.09
2011,12,22,85,1009.4,12.9,9,1.24635,2489.26
2011,12,23,86.3,1010.9,19.5,5.7,1.26296,8712.73
2011,12,24,64.6,1019.8,12.9,2.6,1.28838,2573.2
2011,12,25,73.8,1025.6,8.2,1,1.30327,668.55
2011,12,26,74.9,1032.3,12.3,3.2,1.30134,2253.04
2011,12,27,72.6,1035.1,6.2,5.9,1.29225,286.54
2011,12,28,80.1,1032.1,10.3,4.6,1.29454,1316.1
2011,12,29,74.9,1025,7.2,5,1.28379,445.81
2011,12,30,81.8,1016.6,3.6,4.9,1.27373,55.29
2011,12,31,88.5,1008.3,8.2,6.9,1.25432,643.44
2012,1,1,80.4,1017.2,11.3,4.9,1.27448,1710.92
2012,1,2,78.5,1026.4,5.1,3.9,1.29064,159.29
2012,1,3,81.2,1025.6,4.1,4,1.28917,82.67
2012,1,4,87.6,1023.8,4.1,5.3,1.28091,82.14
2012,1,5,86,1015.4,12.9,7.1,1.26225,2521.01
2012,1,6,78,1000.4,24.7,12.2,1.22139,17124.12
2012,1,7,82.5,999.8,14.9,11.1,1.22538,3771.31
2012,1,8,83.6,1008.7,9.3,5.4,1.26156,944.1
2012,1,9,78.1,1013,7.2,5.4,1.26694,439.96
2012,1,10,71.6,1019.1,12.9,4.6,1.27823,2552.93
2012,1,11,64.8,1021.3,15.4,4.8,1.28006,4349.66
2012,1,12,63.1,1025.7,10.3,4.5,1.28697,1308.4
2012,1,13,77,1020.8,6.7,3.5,1.28545,359.7
2012,1,14,82.4,1014.7,12.3,5.8,1.26725,2194.01
2012,1,15,74,1015,7.2,2.4,1.28325,445.62
2012,1,16,66.7,1016.7,7.7,1.8,1.2882,547.16
2012,1,17,66.1,1024.2,6.2,0.1,1.30577,289.54
2012,1,18,58.8,1027.5,7.2,1.5,1.3033,452.59
2012,1,19,65.8,1031.3,11.3,0.9,1.31098,1759.92
2012,1,20,69.8,1020.6,13.4,7.3,1.2678,2838.08
2012,1,21,77.2,1009.3,19.5,9.7,1.24314,8575.99
2012,1,22,71.6,1013.5,11.3,5,1.26938,1704.07
2012,1,23,73.1,1016.3,7.7,9.4,1.25308,532.25
2012,1,24,81.1,1014.7,4.1,7.7,1.25868,80.71
2012,1,25,95.4,1003.2,4.6,8.2,1.24222,112.5
2012,1,26,85.8,1002.8,12.3,7,1.24703,2159.01
2012,1,27,72.8,1020.4,12.3,-0.2,1.30235,2254.79
2012,1,28,76.6,1029.6,11.8,0.3,1.3117,2005.12
2012,1,29,79.3,1026,14.9,1.6,1.30093,4003.82
2012,1,30,72,1025.5,17.5,-2.4,1.31949,6579.35
2012,1,31,65.5,1025.2,13.9,-4.9,1.33139,3326.69
2012,2,1,72.4,1026.5,12.3,-3.7,1.32715,2297.72
2012,2,2,81.8,1022.7,9.3,-0.6,1.30721,978.26
2012,2,3,86,1024.1,8.7,2.7,1.29335,792.38
2012,2,4,82,1024.1,10.3,7.8,1.26989,1291.04
2012,2,5,75.4,1020.7,12.9,10.6,1.25319,2502.93
2012,2,6,87.5,1014.4,12.9,7.4,1.25966,2515.84
2012,2,7,89.3,1002.9,15.4,6.1,1.25117,4251.49
2012,2,8,88.9,1018.1,18,-2.1,1.30853,7100.07
2012,2,9,95.3,1021.5,15.9,-2.5,1.31484,4917.29
2012,2,10,85.3,1025.8,10.3,-1.1,1.31358,1335.46
2012,2,11,77.8,1027,9.8,2.7,1.29701,1135.75
2012,2,12,81,1022.5,10.3,5,1.28066,1301.99
2012,2,13,92.5,1014.7,9.8,6.3,1.26499,1107.71
2012,2,14,96.9,1010.8,12.3,6.9,1.25744,2177.02
2012,2,15,94.3,1008.7,11.8,4.5,1.26566,1934.74
2012,2,16,88.6,1004.5,10.3,6.2,1.25272,1273.58
2012,2,17,67.3,1012.4,13.4,2.5,1.27949,2864.27
2012,2,18,69.5,1019.9,4.6,1.2,1.29508,117.28
2012,2,19,77.6,1025.2,4.6,3.2,1.29239,117.04
2012,2,20,76.7,1030.1,5.7,4.9,1.29064,222.38
2012,2,21,76.4,1030.7,9.3,6.6,1.28355,960.55
2012,2,22,82.7,1027.6,14.4,6.6,1.27969,3555.12
2012,2,23,86.1,1023.6,13.9,6.5,1.27517,3186.2
2012,2,24,82,1018,8.2,6.2,1.26955,651.26
2012,2,25,88,1015.6,8.2,7.1,1.2625,647.64
2012,2,26,78.5,1010.6,9.3,9.5,1.24562,932.17
2012,2,27,98.7,1007,18,5.3,1.2599,6836.2
2012,2,28,76,1013.3,15.4,2.2,1.28203,4356.34
2012,2,29,65.3,1010.1,7.2,0.7,1.28497,446.22
2012,3,1,72.2,1017.2,12.9,1.6,1.28977,2575.98
2012,3,2,78,1022.1,7.2,3.4,1.28756,447.12
2012,3,3,81.4,1016.1,10.8,9.8,1.25107,1466.28
2012,3,4,68.9,1020.6,7.2,7.4,1.26734,440.1
2012,3,5,69.5,1018.7,8.7,6.2,1.27041,778.33
2012,3,6,72.5,1019.1,11.8,7.5,1.26503,1933.79
2012,3,7,70.8,1024.1,12.3,6,1.27806,2212.73
2012,3,8,79.3,1024,6.7,5.7,1.27932,357.98
2012,3,9,95.5,1028.1,12.3,6.3,1.2817,2219.02
2012,3,10,87.1,1031,16.5,5.9,1.28715,5379.49
2012,3,11,84.3,1020,15.4,4.4,1.28029,4350.42
2012,3,12,98.9,1007.6,13.4,3,1.27114,2845.57
2012,3,13,87.1,1015.3,17.5,4.8,1.27256,6345.32
2012,3,14,72.9,1018.7,9.3,6.8,1.2677,948.69
2012,3,15,88.2,1021.8,16.5,6.8,1.27157,5314.37
2012,3,16,75.7,1029.4,8.2,5.7,1.28606,659.73
2012,3,17,80.3,1031.1,6.7,5.5,1.28911,360.73
2012,3,18,91,1029,9.3,7.9,1.27552,954.55
2012,3,19,96.1,1028.1,9.3,10.1,1.26452,946.32
2012,3,20,93.2,1029.3,6.7,11.6,1.25934,352.39
2012,3,21,84.6,1030.3,5.1,12.1,1.25834,155.3
2012,3,22,75.4,1028.6,9.3,12.3,1.25538,939.48
2012,3,23,67.8,1027.9,9.3,13,1.25145,936.54
2012,3,24,75.4,1022.3,8.2,12,1.249,640.72
2012,3,25,71.8,1019.5,10.8,12,1.24558,1459.83
2012,3,26,73.1,1016.7,12.9,12.3,1.24085,2478.29
2012,3,27,59.3,1022.3,10.8,9.8,1.25869,1475.2
2012,3,28,68.2,1018.3,6.2,9.7,1.25421,278.1
2012,3,29,92.2,1017.7,8.2,9.2,1.25571,644.16
2012,3,30,87.3,1007.8,15.4,12.9,1.22743,4170.82
2012,3,31,93.3,1009.6,8.2,10.7,1.23915,635.66
2012,4,1,82.8,1006.2,15.4,13.6,1.22249,4154.03
2012,4,2,84.4,1016.1,9.8,8.2,1.25818,1101.75
2012,4,3,88.2,1019.1,5.1,8.8,1.25922,155.41
2012,4,4,91.8,1018.8,7.7,12,1.24474,528.71
2012,4,5,92.4,1015.9,5.1,13.6,1.23429,152.33
2012,4,6,99,1009.3,10.3,12.7,1.23013,1250.62
2012,4,7,94.5,1006.6,10.3,14,1.22129,1241.63
2012,4,8,88.9,999.9,6.7,15,1.20895,338.29
2012,4,9,94.9,1000.2,13.9,9.8,1.23151,3077.12
2012,4,10,95.8,1008.7,15.4,7.3,1.25303,4257.81
2012,4,11,86.1,1012.7,5.1,8.8,1.25131,154.43
2012,4,12,95.8,1009.6,9.8,11.3,1.23654,1082.8
2012,4,13,92.1,1008.7,5.1,14,1.22384,151.04
2012,4,14,87.8,1000.9,18.5,16,1.20598,7104.24
2012,4,15,95.5,1000.8,12.9,14.9,1.21047,2417.6
2012,4,16,94.9,1008.6,10.8,14.7,1.22075,1430.73
2012,4,17,72.8,1009.2,10.3,16.7,1.21303,1233.23
2012,4,18,79.6,993.2,12.9,15.3,1.19959,2395.88
2012,4,19,95.8,1000.9,11.3,13.9,1.2148,1630.8
2012,4,20,79.3,1006.8,17,16.4,1.21141,5537.3
2012,4,21,89.8,1007.7,10.3,15.5,1.21628,1236.53
2012,4,22,88.3,1014.1,7.2,15.1,1.22569,425.64
2012,4,23,81.6,1015.8,7.2,13.5,1.23458,428.73
2012,4,24,87.9,1014.6,7.7,14.8,1.22757,521.41
2012,4,25,85,1013.2,11.8,16,1.2208,1866.17
2012,4,26,69.1,1015.4,9.8,18.1,1.21462,1063.6
2012,4,27,74.8,1017.1,11.3,16,1.22548,1645.14
2012,4,28,75.4,1016.6,13.9,17.1,1.22025,3048.97
2012,4,29,79.4,1016.3,15.9,17.8,1.21696,4551.24
2012,4,30,70.6,1014.9,10.8,18.9,1.2107,1418.96
2012,5,1,75.3,1014.3,12.3,18.8,1.21041,2095.6
2012,5,2,67.3,1012.1,10.8,19.8,1.20365,1410.7
2012,5,3,70.9,1007.4,11.3,19.7,1.19848,1608.89
2012,5,4,91,1006.2,6.7,17.5,1.20613,337.5
2012,5,5,98.3,1009.1,8.7,16.9,1.21211,742.61
2012,5,6,93,1012.1,7.2,17.6,1.21279,421.16
2012,5,7,87,1014.7,5.1,18,1.21422,149.85
2012,5,8,74.2,1013.1,8.7,20.3,1.20281,736.91
2012,5,9,79.3,1015.1,12.3,20.3,1.20519,2086.57
2012,5,10,90.9,1018.3,11.8,18.4,1.21687,1860.16
2012,5,11,90.4,1018.7,8.7,19.9,1.21113,742.01
2012,5,12,86.1,1014.5,14.4,20.5,1.20367,3343.92
2012,5,13,89.7,1010.3,9.8,19.2,1.20401,1054.32
2012,5,14,86,1010.9,11.3,18.9,1.20596,1618.93
2012,5,15,93.7,1005.9,15.4,17.8,1.20453,4093
2012,5,16,94.7,1006.9,11.3,18,1.2049,1617.52
2012,5,17,75.9,1005.7,12.9,18,1.20344,2403.56
2012,5,18,99,1006.2,13.4,15.6,1.21406,2717.79
2012,5,19,84.5,1011.7,8.2,17.1,1.21438,622.96
2012,5,20,97,1014.3,7.2,17.5,1.21584,422.22
2012,5,21,96.1,1014.5,5.1,18.1,1.21358,149.78
2012,5,22,92.2,1009.4,12.9,19.8,1.20049,2397.66
2012,5,23,95.2,1008.8,8.2,19.1,1.20264,616.94
2012,5,24,88,1009.6,7.2,17.9,1.20854,419.68
2012,5,25,98.9,1010.3,7.7,17.8,1.20981,513.87
2012,5,26,86.4,1015.2,6.2,19.4,1.20902,268.08
2012,5,27,94.8,1013.9,6.2,19,1.20914,268.11
2012,5,28,93.9,1009.5,9.8,18.6,1.20553,1055.65
2012,5,29,93.3,1010.8,12.3,17.8,1.2104,2095.58
2012,5,30,87.1,1013.3,5.7,18.2,1.21172,208.78
2012,5,31,83.9,1015.8,5.1,18.9,1.2118,149.56
2012,6,1,90.7,1016.2,6.2,19.2,1.21104,268.53
2012,6,2,87.4,1017.2,6.2,20,1.20893,268.06
2012,6,3,79.7,1017.5,5.7,22.2,1.20029,206.81
2012,6,4,80,1013.6,4.6,22,1.19649,108.35
2012,6,5,81.5,1008.4,11.3,21.4,1.19278,1601.24
2012,6,6,89.9,1008.1,6.2,21.3,1.19284,264.5
2012,6,7,68.3,1012.2,8.2,21.9,1.19522,613.13
2012,6,8,68.3,1014.6,7.7,22.2,1.19684,508.36
2012,6,9,65.5,1015.6,10.3,23.9,1.19117,1211.01
2012,6,10,76.4,1012.2,13.4,23.6,1.18841,2660.36
2012,6,11,90.1,1008.3,5.7,23.1,1.18585,204.32
2012,6,12,88.1,1007.8,7.7,23.4,1.18406,502.93
2012,6,13,84.8,1008.6,6.7,23.9,1.18301,331.03
2012,6,14,65,1008.6,11.3,26.9,1.17116,1572.22
2012,6,15,60.2,1014.4,12.3,27.5,1.17554,2035.23
2012,6,16,57.6,1017,19.5,26.3,1.18326,8162.9
2012,6,17,60.3,1017.5,16.5,24.8,1.18979,4972.61
2012,6,18,62.6,1015.8,17,24.4,1.1894,5436.73
2012,6,19,65.6,1012.8,16.5,25.6,1.18115,4936.47
2012,6,20,56.9,1011,16.5,27,1.17354,4904.68
2012,6,21,55.4,1009.4,14.9,26.1,1.17519,3616.84
2012,6,22,54.9,1009.8,13.4,27,1.17214,2623.95
2012,6,23,53.3,1012.5,11.8,27.9,1.17176,1791.21
2012,6,24,68.9,1013.2,12.9,27.3,1.17495,2346.66
2012,6,25,71.4,1011.4,12.3,27.6,1.1717,2028.59
2012,6,26,71.1,1010.2,8.7,26.8,1.17343,718.91
2012,6,27,72.3,1013.3,13.4,25.7,1.18135,2644.57
2012,6,28,64.2,1014.2,12.3,24.4,1.18753,2056
2012,6,29,56.3,1013.8,13.4,24.9,1.18506,2652.87
2012,6,30,49.3,1014.8,12.9,26.1,1.18147,2359.67
2012,7,1,49.9,1015,14.9,25.3,1.18486,3646.6
2012,7,2,53.5,1016,16.5,25.2,1.18643,4958.57
2012,7,3,56.1,1016.2,11.8,25.7,1.18469,1810.98
2012,7,4,49.5,1012.5,10.3,26.3,1.178,1197.62
2012,7,5,45.9,1010.1,8.2,27.5,1.17052,600.46
2012,7,6,62.5,1010.4,9.8,28.2,1.1682,1022.95
2012,7,7,61.2,1010.1,8.7,27.3,1.17134,717.63
2012,7,8,56.8,1008.6,9.8,28.2,1.1661,1021.12
2012,7,9,64.8,1009.6,11.8,28.1,1.16767,1784.95
2012,7,10,60.5,1010.2,10.8,28.8,1.16565,1366.15
2012,7,11,60.1,1010.8,6.2,29.3,1.16441,258.19
2012,7,12,60.5,1010.8,4.6,28.8,1.16634,105.62
2012,7,13,59,1009.3,10.3,28.5,1.16576,1185.17
2012,7,14,69.6,1010.1,11.8,29,1.16479,1780.55
2012,7,15,62.6,1011.1,9.8,29.5,1.164,1019.28
2012,7,16,51.2,1008.5,10.3,29.5,1.16097,1180.31
2012,7,17,58.4,1012.3,16.5,28.4,1.16961,4888.25
2012,7,18,61.4,1013.3,15.4,26.9,1.17661,3998.12
2012,7,19,53.6,1013.3,15.9,26.7,1.17737,4403.19
2012,7,20,62,1011.4,14.4,26.8,1.1748,3263.71
2012,7,21,66.3,1010,13.4,27.9,1.16891,2616.71
2012,7,22,67.6,1008.4,13.4,27.5,1.16861,2616.04
2012,7,23,65.5,1009.4,15.4,28.4,1.16628,3963.01
2012,7,24,70.5,1010.9,12.9,29.1,1.16533,2327.44
2012,7,25,76.8,1009.2,10.3,28.9,1.16415,1183.54
2012,7,26,77.8,1006.8,11.8,29.2,1.16024,1773.6
2012,7,27,71.1,1006.1,13.4,29.5,1.15827,2592.9
2012,7,28,57.8,1006.4,11.3,29.8,1.15743,1553.79
2012,7,29,48.6,1007.8,9.3,30.1,1.15787,866.5
2012,7,30,47.4,1007.7,10.3,29.8,1.15889,1178.19
2012,7,31,62,1008.1,13.9,29.1,1.16208,2903.62
2012,10,1,80.7,1017.6,14.9,23.2,1.19636,3682
2012,10,2,87.9,1017.1,4.6,22.5,1.19862,108.55
2012,10,3,95.4,1014.1,8.2,21.2,1.20036,615.76
2012,10,4,86.3,1013.3,10.3,21.7,1.19737,1217.31
2012,10,5,79.4,1015.3,8.7,21.6,1.20012,735.27
2012,10,6,78.1,1019,12.3,22.2,1.20205,2081.13
2012,10,7,76.5,1015.5,6.7,21.4,1.20117,336.12
2012,10,8,79.5,1010.5,9.8,19.7,1.20218,1052.71
2012,10,9,65.2,1014.2,9.8,18.6,1.2111,1060.52
2012,10,10,68.5,1011.4,7.7,17.4,1.21274,515.11
2012,10,11,62.5,1011.2,5.7,18.3,1.20876,208.27
2012,10,12,66.7,1016,5.1,17.4,1.21826,150.35
2012,10,13,74.4,1015.6,8.2,18.3,1.21403,622.78
2012,10,14,87.9,1013.6,10.8,21.8,1.19732,1403.27
2012,10,15,85.4,1014.3,10.3,22.8,1.1941,1213.99
2012,10,16,87.3,1017.8,7.7,22,1.20147,510.32
2012,10,17,87.5,1019.3,5.1,21.5,1.20527,148.75
2012,10,18,72.6,1020.8,13.4,21.3,1.20784,2703.86
2012,10,19,71.8,1021.2,13.9,20.4,1.21201,3028.38
2012,10,20,69.3,1019.1,12.3,18.1,1.21904,2110.55
2012,10,21,75.8,1016.5,12.3,17.2,1.21971,2111.7
2012,10,22,95.5,1015.5,11.8,16.4,1.2219,1867.85
2012,10,23,98.6,1015.6,9.3,15.8,1.22455,916.41
2012,10,24,91.8,1016.6,10.8,16.4,1.22321,1433.62
2012,10,25,85.5,1014.9,8.2,16.3,1.22158,626.65
2012,10,26,93.6,1012.1,5.7,15,1.22371,210.85
2012,10,27,89.8,1010.7,15.9,16.7,1.21486,4543.36
2012,10,28,78.7,1007.9,21.6,21.9,1.19017,11159.13
2012,10,29,76.1,1007.9,26.8,21,1.19379,21379.39
2012,10,30,81.1,1007.1,16.5,18.5,1.20306,5028.06
2012,10,31,81,1015.1,6.2,14.7,1.2286,272.42
2012,11,1,78.5,1013.6,10.3,16.4,1.21959,1239.9
2012,11,2,92.7,1008.8,11.3,19.9,1.19936,1610.08
2012,11,3,95.3,1015,5.7,18.4,1.21293,208.99
2012,11,4,99,1017.7,4.1,16.1,1.22581,78.6
2012,11,5,99,1015.1,12.3,16.7,1.22016,2112.48
2012,11,6,97,1011.3,13.4,20.8,1.19867,2683.34
2012,11,7,99,1014.7,12.9,18.3,1.213,2422.65
2012,11,8,84.8,1019.5,14.9,12.7,1.24255,3824.13
2012,11,9,79.3,1017.9,6.7,12.2,1.24276,347.75
2012,11,10,81,1018.7,11.3,12.4,1.24287,1668.48
2012,11,11,84.5,1024.6,10.8,13.4,1.24571,1459.99
2012,11,12,92.4,1025.9,9.8,12.3,1.2521,1096.43
2012,11,13,93.7,1022.9,10.3,13.1,1.24496,1265.69
2012,11,14,91.5,1023.1,13.4,13.7,1.2426,2781.68
2012,11,15,96.5,1023.4,11.3,12.3,1.24906,1676.79
2012,11,16,93.8,1021.4,10.3,14.4,1.23752,1258.13
2012,11,17,92.3,1020.2,10.8,14.8,1.23435,1446.68
2012,11,18,96.9,1018.6,10.3,14,1.23585,1256.43
2012,11,19,97.8,1018.5,9.8,13.8,1.23659,1082.84
2012,11,20,91.5,1018.1,9.8,14.7,1.23224,1079.03
2012,11,21,96.2,1019.1,10.8,14.7,1.23346,1445.63
2012,11,22,96,1021.2,12.3,13.2,1.24246,2151.09
2012,11,23,91.3,1023.8,8.7,11.6,1.25261,767.42
2012,11,24,88.4,1023.1,8.2,10.7,1.25571,644.16
2012,11,25,90.9,1023.6,7.7,10.7,1.25633,533.62
2012,11,26,91.4,1022.5,8.7,9.8,1.25896,771.32
2012,11,27,96.5,1020,4.1,8.3,1.26258,80.96
2012,11,28,96.5,1017.3,13.4,13.1,1.23815,2771.71
2012,11,29,89.1,1011.5,20.1,17.4,1.21289,9163.73
2012,11,30,97.4,1008.4,19.5,18,1.2067,8324.64
2012,12,1,99,1011.1,14.9,16.3,1.21703,3745.59
2012,12,2,98.7,1013.2,24.2,15,1.22504,16153.22
2012,12,3,98.7,1002.9,18,16.2,1.20757,6552.28
2012,12,4,97.9,1004.9,10.8,7.7,1.24654,1460.96
2012,12,5,97,1005.9,13.9,8.5,1.24424,3108.92
2012,12,6,99,1003.8,7.7,10.2,1.23421,524.23
2012,12,7,99,1010.7,8.2,7,1.25686,644.75
2012,12,8,98.7,1016.1,11.3,6.6,1.26538,1698.71
2012,12,9,98,1006.1,21.1,12,1.22924,10743.45
2012,12,10,99,1004.9,9.3,7.7,1.24654,932.86
2012,12,11,98.9,1009.1,19.5,7.7,1.25175,8635.41
2012,12,12,92.8,1011.9,9.8,10.5,1.24284,1088.32
2012,12,13,91.7,1023,9.3,4,1.28591,962.32
2012,12,14,91,1029.5,7.2,3.4,1.29689,450.36
2012,12,15,97.1,1028.5,6.2,3.9,1.29329,286.77
2012,12,16,99,1020.7,5.1,7.2,1.26839,156.54
2012,12,17,99,1012.7,6.7,9.2,1.24955,349.66
2012,12,18,99,1009.1,8.7,9,1.24599,763.37
2012,12,19,99,1003.5,11.8,6.5,1.25014,1911.02
2012,12,20,99,1012.3,14.4,0.1,1.29061,3585.46
2012,12,21,98.8,1016.3,7.2,1.5,1.28911,447.66
2012,12,22,99,1017.1,11.8,2.8,1.28405,1962.87
2012,12,23,99,1020.4,12.3,3.5,1.28496,2224.68
2012,12,24,99,1023.3,9.3,6.5,1.27481,954.01
2012,12,25,99,1025.1,4.1,6,1.27933,82.03
2012,12,26,98.7,1022.8,6.7,8.3,1.26604,354.27
2012,12,27,99,1019.5,12.3,13.2,1.2404,2147.52
2012,12,28,99,1016.7,7.7,12.5,1.24002,526.7
2012,12,29,99,1018.7,15.4,9.3,1.25651,4269.62
2012,12,30,99,1023.9,14.9,7.2,1.27237,3915.92
2012,12,31,99,1022.6,11.3,7.8,1.26805,1702.28
2013,1,1,99,1021,9.8,8.4,1.26337,1106.29
2013,1,2,99,1023.3,3.6,8.5,1.26576,54.94
2013,1,3,99,1028.9,5.1,9.1,1.26999,156.74
2013,1,4,99,1024.2,4.1,6.6,1.27547,81.79
2013,1,5,99,1014.8,5.7,8.2,1.25659,216.51
2013,1,6,99,1010.1,13.4,5.8,1.26152,2824.02
2013,1,7,96.5,1013,11.8,3.3,1.27657,1951.42
2013,1,8,78.5,1022.4,11.8,0.2,1.303,1991.83
2013,1,9,73.3,1024.2,7.2,0.3,1.30482,453.11
2013,1,10,81.1,1021.9,12.3,1.3,1.29715,2245.78
2013,1,11,88.4,1013.1,23.7,9,1.25092,15493.02
2013,1,12,98.9,1010.5,12.3,11,1.23895,2145.02
2013,1,13,99,1021.5,8.2,6.2,1.27393,653.5
2013,1,14,98.9,1026.5,3.6,5.4,1.28384,55.73
2013,1,15,98.9,1024.5,12.3,8.6,1.2668,2193.23
2013,1,16,99,1013.6,20.6,12.7,1.23537,10047.56
2013,1,17,98.8,1005.4,18,11.9,1.22881,6667.51
2013,1,18,85.3,1002.1,23.7,12.5,1.2222,15137.25
2013,1,19,69.9,1000.6,14.4,10.9,1.22722,3409.33
2013,1,20,69.5,1010.8,13.4,12,1.23495,2764.55
2013,1,21,67.8,1011.1,17,14.7,1.22374,5593.67
2013,1,22,74.3,1005.8,11.3,14.2,1.21945,1637.04
2013,1,23,73.3,1009.4,10.8,13.5,1.2268,1437.82
2013,1,24,69.2,1010.7,19.5,12.7,1.2318,8497.8
2013,1,25,79.7,1002.8,14.4,11.2,1.22863,3413.26
2013,1,26,84.6,1001.9,13.4,9.8,1.2336,2761.52
2013,1,27,91.5,1010.3,13.4,1.2,1.2829,2871.89
2013,1,28,84.4,1015.2,7.2,3.7,1.27748,443.62
2013,1,29,75.5,1019.6,6.7,4.4,1.27978,358.11
2013,1,30,77.7,1018.5,5.1,3.6,1.28209,158.23
2013,1,31,78.8,1014.6,6.2,4.9,1.27122,281.88
2013,2,1,80.2,1015.9,9.3,7,1.26332,945.41
2013,2,2,67.8,1010.2,19.5,10.9,1.23899,8547.35
2013,2,3,66.4,1008.6,25.7,15.5,1.21733,19225.15
2013,2,4,66.6,1013.6,17,15.7,1.22252,5588.1
2013,2,5,83.4,1016.4,10.3,10.9,1.24661,1267.37
2013,2,6,86.6,1008.6,11.3,9,1.24536,1671.83
2013,2,7,75.2,1004.3,12.3,13.3,1.22145,2114.72
2013,2,8,77,1001.8,16.5,11.4,1.22654,5126.18
2013,2,9,76.9,1009.2,10.3,10,1.2417,1262.38
2013,2,10,81.4,1010.5,9.3,10.5,1.24111,928.8
2013,2,11,85.3,1010.7,8.7,7.1,1.25641,769.75
2013,2,12,80.5,1018.9,2.6,6.3,1.27022,20.77
2013,2,13,72.1,1017.4,10.3,8.7,1.25755,1278.49
2013,2,14,87,1013.3,11.3,9.3,1.24984,1677.84
2013,2,15,81.7,1011,11.3,6.9,1.25767,1688.36
2013,2,16,73.5,1019.4,5.1,5.4,1.27494,157.35
2013,2,17,66.4,1019.4,11.3,5.2,1.27585,1712.76
2013,2,18,70.2,1019.7,9.3,5.7,1.27394,953.37
2013,2,19,73.4,1016.3,8.7,4.8,1.2738,780.41
2013,2,20,79.3,1014.3,6.2,5.9,1.26629,280.78
2013,2,21,82.5,1018.3,6.7,4.8,1.27632,357.14
2013,2,22,85.9,1008,8.2,7.8,1.24993,641.19
2013,2,23,86.8,1010.7,4.1,9.9,1.24399,79.77
2013,2,24,85,1020.5,7.2,9.7,1.25694,436.49
2013,2,25,86.5,1020.8,5.7,10.3,1.25465,216.18
2013,2,26,85,1018.4,11.8,9.6,1.2548,1918.14
2013,2,27,88,1016.5,9.8,8.6,1.2569,1100.63
2013,2,28,76.5,1022,9.3,5.5,1.27773,956.2
2013,3,1,68.5,1021.2,4.1,6.2,1.27353,81.66
2013,3,2,78.8,1016.1,9.3,6.6,1.26537,946.95
2013,3,3,66.7,1015.1,14.9,9.1,1.25293,3856.08
2013,3,4,63.6,1017.2,8.7,6.6,1.26673,776.07
2013,3,5,65,1027.5,11.3,7.2,1.27682,1714.06
2013,3,6,55,1029,5.7,5.8,1.28509,221.42
2013,3,7,75.7,1019.3,11.3,9.5,1.25634,1686.57
2013,3,8,88.2,1012.9,8.7,11,1.24188,760.85
2013,3,9,87.6,1009.1,10.8,11.9,1.23332,1445.47
2013,3,10,86.8,1006.9,10.3,12.6,1.22762,1248.07
2013,3,11,76.6,1003.3,12.3,14.3,1.216,2105.28
2013,3,12,79.1,1001.6,13.4,13.7,1.21648,2723.2
2013,3,13,77.7,1004.9,12.3,13.1,1.22304,2117.46
2013,3,14,61.4,1001.7,25.7,16.1,1.20649,19053.98
2013,3,15,66,994.8,23.7,15.1,1.20234,14891.34
2013,3,16,81,1006.5,13.9,6.9,1.25207,3128.5
2013,3,17,68.2,1019.6,8.2,5.2,1.2761,654.62
2013,3,18,63.4,1021.6,12.9,5.6,1.27677,2550.01
2013,3,19,69.1,1010.6,17,11.5,1.23687,5653.68
2013,3,20,73,1011.7,11.3,14.3,1.22617,1646.07
2013,3,21,71.3,1008.1,23.1,13.3,1.22607,14060.85
2013,3,22,77.3,999.1,10.8,10.7,1.22625,1437.18
2013,3,23,71.2,1009.3,7.2,8.2,1.24975,433.99
2013,3,24,69.5,1016.4,5.7,9,1.25498,216.23
2013,3,25,76.3,1013.5,10.3,10.1,1.24655,1267.31
2013,3,26,78.6,1002,13.9,12.8,1.22079,3050.32
2013,3,27,88.7,1005,10.3,10.7,1.2335,1254.04
2013,3,28,87.2,1014.1,12.3,9.4,1.25038,2164.81
2013,3,29,80.7,1019.2,9.3,10.1,1.25356,938.12
2013,3,30,83.9,1015.1,6.7,11.7,1.24152,347.41
2013,3,31,76.4,1009.5,12.9,14.3,1.22351,2443.64
2013,4,1,77.2,1008,8.7,14.7,1.22,747.44
2013,4,2,65.8,1010.3,7.7,14.1,1.22532,520.45
2013,4,3,80.4,1002.1,14.9,13.5,1.21793,3748.38
2013,4,4,82.8,1006.2,7.7,13.2,1.2242,519.98
2013,4,5,71.9,1012.8,16.5,13.4,1.23135,5146.31
2013,4,6,61.3,1008.6,11.3,17.2,1.21021,1624.64
2013,4,7,69.5,1003.9,13.9,15.7,1.21083,3025.43
2013,4,8,88.3,1002.8,13.4,10,1.23384,2762.06
2013,4,9,77.4,1014.2,8.2,9.5,1.25006,641.26
2013,4,10,80.8,1015.5,6.7,10.4,1.24769,349.14
2013,4,11,78,1014.3,3.6,13.3,1.23362,53.55
2013,4,12,77.3,1017.4,4.1,13.9,1.2348,79.18
2013,4,13,75,1018.4,9.8,14.2,1.23472,1081.21
2013,4,14,83.5,1019.4,9.8,14.5,1.23466,1081.15
2013,4,15,76.8,1018.2,14.4,13,1.23965,3443.89
2013,4,16,74,1016.7,14.4,11.7,1.24347,3454.48
2013,4,17,56.4,1019,12.3,12.6,1.24234,2150.88
2013,4,18,57.8,1019.3,11.8,10.8,1.25058,1911.69
2013,4,19,63.8,1015.9,11.3,10.6,1.24729,1674.42
2013,4,20,68,1015.5,9.3,12,1.24069,928.48
2013,4,21,73.9,1015.7,7.2,12,1.24094,430.93
2013,4,22,73.9,1017.1,9.8,13.5,1.23615,1082.46
2013,4,23,62.8,1022.1,9.3,13.9,1.24049,928.33
2013,4,24,51,1025.7,7.7,14.6,1.24182,527.46
2013,4,25,62.2,1025,5.1,16.8,1.23158,152
2013,4,26,62.9,1020.1,5.1,17.9,1.22107,150.7
2013,4,27,69.8,1015.1,6.7,16.6,1.22054,341.54
2013,4,28,67.3,1016,7.2,16.4,1.22246,424.51
2013,4,29,55.1,1019.4,9.3,18.7,1.21688,910.66
2013,4,30,60.2,1020,11.3,20.4,1.21056,1625.11
2013,5,1,61.5,1017.7,14.4,20.1,1.20907,3358.92
2013,5,2,67.1,1015.5,14.4,19.5,1.20893,3358.54
2013,5,3,68.2,1012.8,12.9,18.9,1.20819,2413.05
2013,5,4,65.7,1012.1,11.3,19.2,1.20612,1619.15
2013,5,5,61.6,1015.6,9.3,20.7,1.20411,901.11
2013,5,6,64.8,1018.7,12.3,21.3,1.20534,2086.82
2013,5,7,67.2,1016.1,12.9,18.9,1.21213,2420.91
2013,5,8,73.5,1012.4,12.9,18,1.21145,2419.56
2013,5,9,76.8,1013,10.8,17,1.21635,1425.57
2013,5,10,67.3,1012.4,10.3,18.5,1.20937,1229.51
2013,5,11,68.5,1010,5.1,17.7,1.20982,149.31
2013,5,12,73,1006.4,7.7,17.3,1.20717,512.75
2013,5,13,82,1005,7.2,16.9,1.20716,419.2
2013,5,14,81,1007.3,8.2,16.8,1.21034,620.88
2013,5,15,71.5,1010.9,5.1,18.6,1.20717,148.98
2013,5,16,71,1012.3,9.8,18.2,1.2105,1059.99
2013,5,17,64.8,1011.8,9.8,20.8,1.19921,1050.11
2013,5,18,69.8,1014.1,9.3,21,1.20113,898.87
2013,5,19,73.5,1014.4,9.3,20.3,1.20435,901.29
2013,5,20,65.6,1013.5,5.1,22,1.19635,147.65
2013,5,21,64.5,1012.9,5.7,22.6,1.19322,205.59
2013,5,22,68.5,1010.6,7.2,21.5,1.19495,414.96
2013,5,23,49.3,1003.1,26.8,24.4,1.17451,21033.95
2013,5,24,66.9,1006.9,12.3,20.7,1.19381,2066.86
2013,5,25,67.8,1011.7,10.8,20.2,1.20154,1408.22
2013,5,26,66.2,1011.5,11.8,20.1,1.20171,1836.99
2013,5,27,58.5,1012.7,8.2,19.4,1.206,618.66
2013,5,28,56.1,1014.5,6.2,17.6,1.21561,269.54
2013,5,29,51.6,1007.5,12.3,22.7,1.18643,2054.09
2013,5,30,72.3,1004.7,10.8,21.1,1.18959,1394.22
2013,5,31,70.8,1004.6,9.8,21.1,1.18947,1041.58
2013,6,1,64.4,1008.5,9.3,19.6,1.20019,898.17
2013,6,2,74.4,1007.1,9.8,17.9,1.20553,1055.64
2013,6,3,75.8,1010.5,6.7,18.5,1.20711,337.78
2013,6,4,71.6,1011.2,7.2,19.2,1.20505,418.47
2013,6,5,74.5,1013.3,7.2,19.3,1.20715,419.2
2013,6,6,75.9,1015.4,5.1,19.9,1.20718,148.99
2013,6,7,72,1014.9,9.3,19.5,1.20823,904.19
2013,6,8,65.4,1011.1,11.8,20.8,1.19838,1831.9
2013,6,9,61.8,1012.5,9.3,21.7,1.19637,895.32
2013,6,10,62.8,1013.4,6.2,22.6,1.1938,264.71
2013,6,11,52.9,1008.9,7.2,24.4,1.1813,410.22
2013,6,12,59.9,1005.6,12.3,22.7,1.18421,2050.24
2013,6,13,74.4,1008.2,10.3,19.7,1.19944,1219.41
2013,6,14,75.1,1011,9.8,20.9,1.19787,1048.94
2013,6,15,71.5,1012.7,11.3,21.7,1.19663,1606.41
2013,6,16,68.9,1013.7,5.7,23.5,1.19055,205.13
2013,6,17,59.1,1014.8,8.7,25.9,1.18228,724.33
2013,6,18,56.5,1015.4,13.9,26.8,1.17943,2946.98
2013,6,19,49.6,1014.6,13.4,26,1.18163,2645.19
2013,6,20,51.3,1015,13.9,25.7,1.18328,2956.61
2013,6,21,52.6,1015.2,14.9,24.6,1.18788,3655.89
2013,6,22,54.2,1013.6,13.4,24.7,1.18562,2654.12
2013,6,23,50,1010.7,12.9,25.3,1.17984,2356.43
2013,6,24,47.8,1008.3,10.3,26.5,1.17233,1191.85
2013,6,25,50.5,1007.8,10.3,26.6,1.17137,1190.87
2013,6,26,60.8,1009.8,15.9,26.4,1.1745,4392.43
2013,6,27,62.4,1012.1,15.4,25.3,1.18151,4014.76
2013,6,28,62,1012.2,9.3,24.5,1.18479,886.65
2013,6,29,62.3,1010.8,11.3,25.2,1.18038,1584.6
2013,6,30,66.8,1006.5,9.3,23.3,1.18289,885.23
2013,7,1,53.3,1011.5,7.2,23.1,1.18954,413.08
2013,7,2,54.9,1016,10.3,23.6,1.19282,1212.69
2013,7,3,47.5,1014.7,10.3,23.6,1.19128,1211.12
2013,7,4,48.7,1013,11.8,24.3,1.18649,1813.73
2013,7,5,61.7,1012.3,12.3,24.5,1.18491,2051.45
2013,7,6,59,1011.5,15.4,25.2,1.18119,4013.69
2013,7,7,53.3,1012.9,14.9,26.4,1.17808,3625.74
2013,7,8,48.8,1015,16.5,26.7,1.17934,4928.91
2013,7,9,56.4,1013.6,16.5,26.7,1.17773,4922.19
2013,7,10,57.3,1009.7,15.4,25.6,1.17751,4001.18
2013,7,11,60.2,1008,11.8,25.7,1.17514,1796.38
2013,7,12,53.9,1010.5,11.8,26.3,1.17569,1797.21
2013,7,13,53.3,1012.4,11.3,26.4,1.1775,1580.73
2013,7,14,54,1012.4,11.3,26.2,1.17829,1581.79
2013,7,15,49.6,1012,11.3,25.7,1.17978,1583.79
2013,7,16,55.7,1012.5,12.9,25.5,1.18117,2359.08
2013,7,17,55.4,1014.5,14.4,24.8,1.18627,3295.6
2013,7,18,54.7,1015.6,13.4,24.7,1.18796,2659.36
2013,7,19,54.6,1015.4,12.3,24.8,1.18732,2055.64
2013,7,20,56.4,1011.3,13.9,25.4,1.18016,2948.82
2013,7,21,50.7,1010.9,11.3,25.8,1.17811,1581.55
2013,7,22,52.4,1012.5,17,25,1.18314,5408.08
2013,7,23,46.5,1011.5,13.9,24.6,1.18354,2957.25
2013,7,24,45,1011.9,9.3,26.2,1.17769,881.33
2013,7,25,44.9,1012.6,7.7,27,1.17536,499.24
2013,7,26,43,1011.4,8.2,27.4,1.17241,601.42
2013,7,27,50.2,1011.9,9.3,27.1,1.17418,878.71
2013,7,28,48.5,1015.2,10.3,26.4,1.18075,1200.41
2013,7,29,49.8,1016,12.3,26.6,1.18089,2044.5
2013,7,30,46.8,1010.9,8.7,28.1,1.16912,716.27
2013,7,31,52.5,1008.3,12.3,28.2,1.16574,2018.27
2013,8,1,56.9,1011.8,11.3,26.4,1.17681,1579.81
2013,8,2,56.5,1014.1,13.4,26.7,1.17831,2637.76
2013,8,3,50.5,1014.1,13.4,27,1.17712,2635.1
2013,8,4,47.4,1013.8,11.3,28.1,1.17247,1573.98
2013,8,5,50.7,1015.2,14.9,26.1,1.18193,3637.59
2013,8,6,50.8,1013.5,15.9,26.3,1.17917,4409.9
2013,8,7,48.7,1013.3,14.4,26.7,1.17736,3270.83
2013,8,8,51.7,1014.7,12.9,27.2,1.17704,2350.83
2013,8,9,54.7,1012.7,13.9,27.2,1.17472,2935.23
2013,8,10,60.2,1007.2,15.4,26.9,1.16953,3974.05
2013,8,11,53.5,1007,13.9,27,1.16889,2920.64
2013,8,12,46.7,1011.9,11.3,27,1.17456,1576.78
2013,8,13,51.3,1012.4,11.8,27.8,1.17203,1791.62
2013,8,14,52.8,1010.8,13.9,27.6,1.17096,2925.82
2013,8,15,55.2,1011.4,15.4,27.8,1.17088,3978.67
2013,8,16,58.8,1012.4,15.9,27.8,1.17205,4383.28
2013,8,17,58.1,1012.6,16.5,27,1.1754,4912.45
2013,8,18,48.8,1014.4,11.8,26.2,1.1806,1804.73
2013,8,19,57.3,1013.7,13.4,27.1,1.17628,2633.22
2013,8,20,54.5,1012.3,14.9,27.5,1.17309,3610.37
2013,8,21,56,1012.2,15.4,26.7,1.1761,3996.4
2013,8,22,54.3,1011.1,15.4,26.6,1.17521,3993.37
2013,8,23,54.3,1011.7,12.3,26.3,1.17708,2037.91
2013,8,24,50.5,1012.8,9.3,25.8,1.18032,883.3
2013,8,25,54.8,1011.1,11.3,26.5,1.1756,1578.18
2013,8,26,49.5,1011.1,10.3,26.7,1.17481,1194.37
2013,8,27,48,1011.1,6.7,26.4,1.17598,329.07
2013,8,28,51.7,1010.2,4.6,26.3,1.17533,106.44
2013,8,29,61.6,1010.3,6.2,25.9,1.17704,260.99
2013,8,30,59.3,1011.9,11.8,26.3,1.17733,1799.72
2013,8,31,57.8,1014.3,12.9,24,1.18923,2375.18
2013,9,1,50.4,1016.8,11.8,23.7,1.19335,1824.21
2013,9,2,51.3,1017.3,8.2,23.5,1.19474,612.88
2013,9,3,61.3,1016.8,7.7,22.6,1.1978,508.77
2013,9,4,46.5,1017.7,11.3,24,1.19319,1601.8
2013,9,5,43.7,1018.4,6.7,21.5,1.20413,336.94
2013,9,6,45.4,1013.8,6.2,22.1,1.19626,265.25
2013,9,7,49.8,1015,8.2,22.8,1.19485,612.94
2013,9,8,43.4,1018.1,11.3,23.9,1.19406,1602.96
2013,9,9,55.6,1020.5,10.8,22.5,1.20256,1409.41
2013,9,10,45.5,1018.1,6.2,22.8,1.19849,265.75
2013,9,11,57.8,1015.8,6.7,23.1,1.1946,334.28
2013,9,12,57.9,1013.8,6.7,23.9,1.18905,332.72
2013,9,13,71.6,1012.4,11.3,24,1.18704,1593.53
2013,9,14,58,1014.3,8.2,22.1,1.19687,613.98
2013,9,15,61,1014.1,8.2,19.6,1.20684,619.09
2013,9,16,54.2,1009.3,6.2,20.4,1.19785,265.61
2013,9,17,75.9,1004.9,9.3,19.9,1.1947,894.06
2013,9,18,72,1002.9,11.3,22.2,1.18305,1588.18
2013,9,19,70.5,1005.6,6.2,21.7,1.18824,263.48
2013,9,20,63.2,1010.5,13.4,20.5,1.19888,2683.82
2013,9,21,53.5,1016.3,9.8,19.8,1.20863,1058.35
2013,9,22,51.3,1018.4,11.3,18.3,1.21734,1634.22
2013,9,23,57,1016.5,10.3,19,1.21217,1232.36
2013,9,24,56.6,1012.3,4.6,18.6,1.20882,109.47
2013,9,25,68.6,1015.2,7.7,19.2,1.20982,513.87
2013,9,26,69.7,1015.1,9.3,19.7,1.20764,903.75
2013,9,27,74.2,1012.2,7.7,21.3,1.19766,508.71
2013,9,28,66.2,1013.5,4.6,21.5,1.19838,108.52
2013,9,29,64.7,1013.4,5.1,20.8,1.2011,148.24
2013,9,30,62.5,1009,12.3,21.8,1.19184,2063.45
2013,10,1,71.6,1001.7,14.4,21.9,1.18283,3286.03
2013,10,2,80.1,1009.7,10.8,12.1,1.23318,1445.31
2013,10,3,60.5,1021.3,13.4,10.4,1.2548,2808.99
2013,10,4,45.2,1028.3,13.4,10,1.26517,2832.2
2013,10,5,45.1,1028.8,10.3,9.3,1.26892,1290.05
2013,10,6,63.4,1026.9,10.3,10.2,1.26257,1283.6
2013,10,7,62,1027.8,12.3,12.7,1.25264,2168.71
2013,10,8,64.3,1027,15.9,13.7,1.2473,4664.72
2013,10,9,71.4,1023.9,8.2,15.2,1.23709,634.6
2013,10,10,76.2,1019.7,6.7,16.3,1.22734,343.44
2013,10,11,78.3,1020.4,8.2,18.1,1.22061,626.15
2013,10,12,79.3,1022.4,8.7,19.3,1.218,746.22
2013,10,13,77,1022.4,11.3,18.3,1.22217,1640.69
2013,10,14,73.5,1021.4,9.8,17.5,1.22432,1072.1
2013,10,15,70.7,1018.8,4.1,16.7,1.22456,78.52
2013,10,16,73.3,1010.4,10.8,16.8,1.21405,1422.89
2013,10,17,78.7,1000.2,14.9,16,1.20513,3708.97
2013,10,18,75.4,1008.8,7.7,15.5,1.21759,517.17
2013,10,19,68.2,1021.4,7.2,14.8,1.23578,429.14
2013,10,20,69,1029.5,6.7,13.6,1.25078,350
2013,10,21,67.8,1025.7,5.1,12.8,1.24965,154.23
2013,10,22,69.4,1022.2,6.7,14.3,1.23889,346.67
2013,10,23,74.3,1022.9,12.3,16.6,1.22992,2129.38
2013,10,24,70.5,1024.2,13.4,16.3,1.23275,2759.64
2013,10,25,71,1022.4,13.9,14.5,1.23828,3094.02
2013,10,26,71.6,1022.6,12.3,14.3,1.23938,2145.76
2013,10,27,74.4,1021.3,9.3,14.3,1.23781,926.33
2013,10,28,78,1019.1,4.1,13.1,1.24032,79.53
2013,10,29,76.3,1017.7,4.6,13.8,1.23559,111.89
2013,10,30,70.7,1017.4,9.8,15.3,1.22881,1076.03
2013,10,31,76.6,1020.5,12.9,14.8,1.2347,2465.99
2013,11,1,70.5,1022.9,13.4,15.8,1.23332,2760.9
2013,11,2,74.5,1020.5,7.7,15.2,1.23298,523.71
2013,11,3,82.6,1019,5.1,13.6,1.23804,152.79
2013,11,4,81.3,1017,8.7,15.3,1.22834,752.55
2013,11,5,72.1,1011.9,18,18.7,1.20795,6554.33
2013,11,6,67.5,1007.1,19.5,18.7,1.20222,8293.68
2013,11,7,75.3,1012.8,9.8,15.7,1.22157,1069.69
2013,11,8,71.4,1021.3,8.7,12.2,1.2469,763.93
2013,11,9,73.3,1019.8,8.2,12.6,1.24333,637.81
2013,11,10,76,1015.4,6.2,12.3,1.23927,274.79
2013,11,11,70,1013.4,11.3,16.3,1.21975,1637.45
2013,11,12,68.8,1019.9,9.3,16.2,1.228,918.98
2013,11,13,73.3,1020.4,11.8,14.9,1.23414,1886.57
2013,11,14,74.8,1017.1,10.3,13.5,1.23615,1256.74
2013,11,15,83.5,1017.2,13.4,12.6,1.24017,2776.25
2013,11,16,73.8,1022.9,12.9,12.1,1.2493,2495.15
2013,11,17,64.5,1022.9,11.8,10.8,1.255,1918.45
2013,11,18,72.5,1021.6,11.8,11.3,1.25121,1912.66
2013,11,19,75.8,1020.6,3.6,11.4,1.24955,54.24
2013,11,20,77.9,1016,12.9,13,1.23698,2470.54
2013,11,21,75.9,1010.8,13.9,17.6,1.2112,3026.37
2013,11,22,82.7,1007.6,9.3,15.3,1.21699,910.74
2013,11,23,86.3,1010.4,9.3,12.6,1.23189,921.89
2013,11,24,76.1,1008.5,20.6,16.2,1.21428,9876.05
2013,11,25,78.6,1006,12.9,15.7,1.21337,2423.39
2013,11,26,84.4,1007.2,12.9,12.9,1.2267,2450.01
2013,11,27,85.7,1013.6,6.7,11.5,1.24056,347.14
2013,11,28,82.1,1025.7,8.2,7.2,1.27459,653.85
2013,11,29,79.2,1021.9,7.2,6.9,1.27123,441.45
2013,11,30,60.1,1022.8,5.1,8,1.26736,156.41
2013,12,1,66.3,1021.9,8.2,10.7,1.25422,643.39
2013,12,2,80.8,1019.6,13.4,11.7,1.24702,2791.57
2013,12,3,65.9,1027,20.6,7.2,1.2762,10379.6
2013,12,4,63.6,1022.3,19.5,7,1.27126,8770.01
2013,12,5,67,1019.1,8.7,8.4,1.26099,772.56
2013,12,6,75.5,1016.3,10.8,7.2,1.26291,1480.15
2013,12,7,70.2,1015.2,14.9,7.5,1.26019,3878.43
2013,12,8,63.8,1026.5,6.2,4.3,1.2889,285.8
2013,12,9,68.7,1028.3,8.7,5.8,1.28422,786.79
2013,12,10,74.5,1022.7,15.4,7.7,1.2686,4310.71
2013,12,11,52,1034.9,15.9,1.1,1.31459,4916.36
2013,12,12,64.9,1030,8.2,0.7,1.31028,672.15
2013,12,13,80.6,1024.8,4.6,2.6,1.2947,117.25
2013,12,14,80.1,1026.4,4.1,4.4,1.28832,82.61
2013,12,15,80.8,1029.8,4.1,5.2,1.28887,82.65
2013,12,16,81.2,1030.4,10.8,5.8,1.28685,1508.21
2013,12,17,71.5,1032.8,14.9,6,1.28892,3966.86
2013,12,18,73.1,1028.1,13.4,7.2,1.27757,2859.96
2013,12,19,64.3,1025.9,9.3,8,1.2712,951.32
2013,12,20,74.8,1028.9,4.6,4.2,1.29238,117.04
2013,12,21,83.5,1033.5,4.6,4.9,1.2949,117.27
2013,12,22,80.9,1034.1,11.3,5.4,1.29333,1736.22
2013,12,23,79.9,1029.7,5.7,3.9,1.29479,223.09
2013,12,24,77.9,1027.9,4.6,3.6,1.29393,117.18
2013,12,25,70.5,1023.8,4.6,8.3,1.26726,114.76
2013,12,26,79.7,1018.9,4.1,8,1.26254,80.96
2013,12,27,66.7,1014.7,9.3,13,1.23538,924.51
2013,12,28,66.6,1015,10.3,11.6,1.24181,1262.5
2013,12,29,79.9,1016.7,11.8,9.3,1.25403,1916.96
2013,12,30,80.3,1021.2,12.3,8.5,1.26315,2186.91
2013,12,31,80.9,1024.2,11.8,5.8,1.27911,1955.31
2014,1,1,84.3,1022.9,8.2,6.8,1.27293,652.99
2014,1,2,85.4,1021,8.2,8.1,1.2647,648.77
2014,1,3,84,1021.8,6.7,8.8,1.26255,353.29
2014,1,4,85.2,1024.5,7.2,7.8,1.27039,441.16
2014,1,5,86.2,1023.7,4.6,7.3,1.27166,115.16
2014,1,6,85.9,1021.7,3.6,8.7,1.26288,54.82
2014,1,7,81.8,1023.7,6.2,8.9,1.26445,280.37
2014,1,8,84,1024.1,13.9,7.4,1.2717,3177.54
2014,1,9,80,1021.8,9.8,7.4,1.26884,1111.08
2014,1,10,84.9,1019.9,7.7,6.4,1.27101,539.86
2014,1,11,83.2,1021.8,7.2,10,1.25721,436.58
2014,1,12,92.4,1021.9,4.1,8,1.26627,81.2
2014,1,13,87.8,1021.4,5.1,8,1.26565,156.2
2014,1,14,87.7,1019.4,6.7,8.1,1.26272,353.34
2014,1,15,85.3,1018.5,11.3,9.8,1.25403,1683.47
2014,1,16,79.6,1015.3,11.3,13.4,1.2344,1657.12
2014,1,17,90.3,1019.5,8.2,11.9,1.24603,639.19
2014,1,18,83.5,1019.9,17,12.6,1.24347,5683.84
2014,1,19,86.6,1019.5,10.8,12.6,1.24298,1456.79
2014,1,20,73.8,1015.2,16.5,14.5,1.22956,5138.82
2014,1,21,73,1011,18.5,15.1,1.22193,7198.17
2014,1,22,76.3,1010.4,11.3,13.1,1.22973,1650.84
2014,1,23,79.4,1016.1,7.7,12.4,1.2397,526.56
2014,1,24,82.5,1016.7,8.2,11,1.24653,639.45
2014,1,25,76.1,1003.9,12.3,12.5,1.22438,2119.79
2014,1,26,85.9,999.1,13.9,9.5,1.23145,3076.97
2014,1,27,91.3,1000.7,12.9,1.9,1.26748,2531.46
2014,1,28,88.8,1003.8,8.2,5.7,1.25409,643.33
2014,1,29,89.3,1002.1,8.7,8.9,1.23778,758.34
2014,1,30,84,1022.2,10.3,6.4,1.27388,1295.09
2014,1,31,76.8,1029.7,14.4,4.6,1.29153,3588
2014,2,1,74,1029,14.4,5.1,1.28833,3579.12
2014,2,2,66.4,1021.1,15.4,7.2,1.26887,4311.61
2014,2,3,68.1,1020.7,18,7.3,1.26792,6879.71
2014,2,4,73.9,1024.1,13.4,6,1.27807,2861.07
2014,2,5,78.7,1023.5,8.7,5,1.28191,785.37
2014,2,6,79.2,1020.1,5.1,4.8,1.27857,157.8
2014,2,7,79.7,1019.6,4.6,6.6,1.26973,114.99
2014,2,8,81.7,1018.8,12.9,9.8,1.2544,2505.34
2014,2,9,80.5,1014.6,13.4,12.9,1.23571,2766.25
2014,2,10,81.2,1013.2,14.9,13.1,1.23314,3795.18
2014,2,11,81.6,1017.7,9.8,12.5,1.24122,1086.89
2014,2,12,79.7,1015.8,11.3,12,1.24107,1666.06
2014,2,13,76.2,1012.4,11.3,13.4,1.23087,1652.38
2014,2,14,81.6,1009.9,5.7,11.8,1.23473,212.74
2014,2,15,83.2,1013.8,9.3,9.4,1.25001,935.46
2014,2,16,83.3,1021.5,4.6,8.4,1.26397,114.46
2014,2,17,76,1021.3,10.3,9.5,1.25881,1279.77
2014,2,18,77.5,1023.1,8.2,11.7,1.2513,641.89
2014,2,19,89.7,1024.7,7.7,11,1.25635,533.63
2014,2,20,87.7,1019.4,10.3,12.4,1.24373,1264.44
2014,2,21,88.9,1016.5,6.2,11.5,1.24411,275.86
2014,2,22,88.1,1013.8,8.2,9.9,1.24781,640.1
2014,2,23,84.5,1015.7,8.4,8.7,1.25546,692.31
2014,2,24,83.6,1017.1,12.9,7.4,1.26301,2522.53
2014,2,25,77.3,1020.1,10.4,5.5,1.27536,1334.73
2014,2,26,71.2,1023.5,6.1,7.2,1.27185,268.59
2014,2,27,76.8,1023.7,4.9,6.4,1.27574,139.64
2014,2,28,81.8,1020.1,9.5,7.3,1.26718,1010.82
2014,3,1,83.5,1013,10.8,11.2,1.24113,1454.62
2014,3,2,89,1002.8,14.9,11.1,1.22907,3782.65
2014,3,3,68.7,1000.7,15.4,13.6,1.21579,4131.27
2014,3,4,79.7,999,13.4,12.1,1.22011,2731.34
2014,3,5,78.8,1005.6,12.9,12.4,1.22689,2450.39
2014,3,6,84.2,1011.8,13.4,11,1.24053,2777.04
2014,3,7,84.5,1017.6,12.3,10.8,1.24852,2161.58
2014,3,8,82.9,1018.4,13.4,8.7,1.2588,2817.94
2014,3,9,76.8,1021.3,14.4,6.3,1.27321,3537.1
2014,3,10,86.4,1017.9,12.9,4.2,1.27857,2553.62
2014,3,11,85.6,1018.1,10.8,4.2,1.27883,1498.8
2014,3,12,66.4,1021.9,11.3,8,1.26625,1699.87
2014,3,13,59.3,1026.2,11.8,8.1,1.27112,1943.09
2014,3,14,58.8,1026.4,5.1,7.9,1.27227,157.02
2014,3,15,67.6,1019.9,9.8,8.4,1.26198,1105.07
2014,3,16,79.5,1010.2,13.4,12.3,1.23293,2760.03
2014,3,17,77,1013.4,5.1,12.3,1.23683,152.64
2014,3,18,78.1,1017.9,6.2,11.1,1.24756,276.63
2014,3,19,69,1017.8,9.3,12.6,1.24089,928.63
2014,3,20,60.4,1021.3,11.3,14.5,1.23693,1660.51
2014,3,21,64.4,1024.5,13.4,11.8,1.25256,2803.97
2014,3,22,69.4,1019,5.7,11.6,1.24671,214.81
2014,3,23,79.4,1015.2,6.2,11.1,1.24426,275.9
2014,3,24,79.1,1012.6,9.3,11.8,1.23802,926.49
2014,3,25,74.8,1007.1,9.3,13.5,1.224,915.99
2014,3,26,78.5,1012.9,6.2,11.4,1.24013,274.98
2014,3,27,79.5,1015.7,6.2,13.8,1.23317,273.44
2014,3,28,83.8,1010.3,11.3,13.3,1.22876,1649.54
2014,3,29,75.4,1014.3,10.8,11.8,1.2401,1453.41
2014,3,30,54.8,1022,13.4,7.8,1.26727,2836.89
2014,3,31,56.6,1015.6,5.7,9,1.25398,216.06
2014,4,1,72.7,1011.5,7.2,10.3,1.24321,431.72
2014,4,2,69.4,1012.8,8.2,12.9,1.2335,632.77
2014,4,3,76,1015.6,10.8,12.1,1.24038,1453.75
2014,4,4,82.1,1015.2,7.2,12.3,1.23903,430.27
2014,4,5,72.8,1013.4,8.2,15.1,1.22483,628.32
2014,4,6,63.6,1013,14.4,16,1.22053,3390.75
2014,4,7,78.2,1014.1,12.9,11.6,1.24073,2478.03
2014,4,8,63,1017.6,9.3,13,1.23891,927.15
2014,4,9,77.9,1015.2,6.7,12.2,1.23946,346.83
2014,4,10,82.3,1010.2,13.4,11.8,1.23509,2764.87
2014,4,11,80.1,1014,6.7,10.6,1.24497,348.37
2014,4,12,79.8,1016.9,5.1,10.9,1.24722,153.93
2014,4,13,79.5,1017.1,6.2,10.8,1.2479,276.7
2014,4,14,74.7,1016.2,4.6,12.6,1.23895,112.2
2014,4,15,68.7,1012.5,9.3,12.6,1.23443,923.8
2014,4,16,61.4,1009.8,17,16,1.21667,5561.35
2014,4,17,71.2,1009,11.3,15.3,1.21866,1635.99
2014,4,18,82.1,1004.6,17,12.8,1.22396,5594.67
2014,4,19,69.1,1008.5,18,13.9,1.22399,6641.36
2014,4,20,71.7,1013.5,13.4,15.5,1.22325,2738.37
2014,4,21,78.5,1015.1,4.6,14.4,1.22987,111.38
2014,4,22,80.8,1014.4,7.7,15.8,1.22308,519.5
2014,4,23,77.3,1016.4,8.7,17,1.22043,747.71
2014,4,24,72.5,1009.9,11.3,19,1.20433,1616.75
2014,4,25,86.2,1008.1,7.7,16.4,1.21298,515.21
2014,4,26,82.8,1011,9.8,15.1,1.22194,1070.01
2014,4,27,83.4,1010,9.3,14.5,1.22328,915.45
2014,4,28,89,1006.5,8.7,14.5,1.21904,746.86
2014,4,29,85,1007.6,11.3,15.4,1.21657,1633.18
2014,4,30,75.4,1006.4,13.4,15.8,1.21343,2716.38
2014,5,1,79.5,1008.6,9.3,15.2,1.21861,911.96
2014,5,2,82.4,1009.3,9.3,16.7,1.21316,907.88
2014,5,3,77.9,1010.7,5.1,16.7,1.21484,149.93
2014,5,4,79.6,1005,14.4,17.6,1.20426,3345.56
2014,5,5,79.1,1007.3,10.3,17.6,1.20701,1227.11
2014,5,6,75.3,1018.1,10.8,14.8,1.23179,1443.68
2014,5,7,65.8,1020.9,13.4,14.7,1.2356,2766
2014,5,8,67.5,1015.7,13.9,15.3,1.22675,3065.22
2014,5,9,68.4,1011.5,11.3,14.2,1.22635,1646.31
2014,5,10,87,1012.3,5.1,14.8,1.22479,151.16
2014,5,11,83.9,1014.6,6.7,16.5,1.22038,341.49
2014,5,12,77.4,1013,11.3,17,1.21635,1632.88
2014,5,13,75.4,1014.2,6.7,18.8,1.21029,338.67
2014,5,14,71.5,1008,21.6,19.3,1.20083,11259.13
2014,5,15,66,1004.7,12.9,18.4,1.20058,2397.85
2014,5,16,67.7,1009.5,10.3,17.5,1.21005,1230.2
2014,5,17,66.4,1014.2,11.3,17.1,1.21735,1634.23
2014,5,18,76.3,1018,6.2,15.8,1.22742,272.16
2014,5,19,66.5,1018.8,6.2,17.3,1.22203,270.97
2014,5,20,59.3,1016.6,11.3,19,1.2123,1627.44
2014,5,21,58.6,1016.9,11.3,19.5,1.21059,1625.14
2014,5,22,62.3,1015.1,11.8,20.4,1.20475,1841.64
2014,5,23,64,1013.6,8.7,20,1.20461,738.02
2014,5,24,66.1,1014.1,5.7,20.4,1.20357,207.38
2014,5,25,64,1015.3,5.7,21.3,1.20131,206.99
2014,5,26,66.2,1014.2,4.6,22.4,1.19556,108.27
2014,5,27,73,1011.1,6.7,21.4,1.19596,334.66
2014,5,28,73.7,1009.2,8.2,21,1.19533,613.18
2014,5,29,68.2,1007.8,17,21.6,1.19124,5445.1
2014,5,30,78.4,1005.5,13.9,20.1,1.1946,2984.9
2014,5,31,81.9,1007,8.2,18.9,1.2013,616.25
2014,6,1,77.3,1009.7,10.8,17.5,1.2103,1418.49
2014,6,2,80.8,1011.5,15.9,16.2,1.2179,4554.76
2014,6,3,78.8,1014.1,9.3,16.7,1.21893,912.2
2014,6,4,92.7,1008.1,9.3,17.1,1.21007,905.57
2014,6,5,81.1,1008.8,7.2,18.3,1.20592,418.77
2014,6,6,81.8,1012.4,3.6,19.2,1.2065,52.37
2014,6,7,78,1011.7,9.8,21.4,1.19667,1047.89
2014,6,8,77,1012.6,9.8,21.3,1.19814,1049.18
2014,6,9,68.9,1013,12.3,22.7,1.19294,2065.36
2014,6,10,61.4,1014.2,13.4,24.2,1.18833,2660.18
2014,6,11,64.6,1013.8,13.9,23.4,1.19106,2976.05
2014,6,12,61,1015,9.3,23.8,1.19086,891.19
2014,6,13,55.7,1013.4,6.2,23.2,1.19138,264.17
2014,6,14,64.5,1008.8,3.6,23.8,1.18359,51.38
2014,6,15,70.6,1010.2,8.7,23.9,1.18485,725.91
2014,6,16,75.1,1012.8,5.1,23.5,1.18951,146.8
2014,6,17,78.3,1014.1,7.7,22.6,1.19466,507.43
2014,6,18,69.5,1013,9.3,24.3,1.18654,887.96
2014,6,19,69,1008.7,8.2,23.6,1.18428,607.52
2014,6,20,68,1005.9,7.2,21.6,1.18899,412.89
2014,6,21,67.3,1011.1,7.7,20.9,1.19797,508.84
2014,6,22,65.5,1017.4,6.7,21.1,1.20462,337.08
2014,6,23,54.8,1020.2,8.2,22.4,1.20261,616.92
2014,6,24,50.8,1017.2,10.3,24,1.19262,1212.48
2014,6,25,57.8,1013,7.2,24.9,1.18413,411.2
2014,6,26,61.8,1010.3,10.8,25.6,1.17822,1380.89
2014,6,27,58.3,1011.1,12.9,26.3,1.1764,2349.55
2014,6,28,59.8,1015.4,14.9,23.9,1.19093,3665.26
2014,6,29,56.2,1016.2,13.9,23,1.19547,2987.07
2014,6,30,61,1012.5,12.3,23.5,1.18913,2058.76
2014,7,1,61.9,1012.2,8.2,24.6,1.18439,607.57
2014,7,2,55.8,1018.4,12.3,25.6,1.18765,2056.2
2014,7,3,59.5,1017.5,11.3,24.4,1.19139,1599.37
2014,7,4,54.1,1015.5,12.3,22.9,1.19505,2069.01
2014,7,5,54,1014.7,13.4,23.7,1.19089,2665.93
2014,7,6,53,1013.1,12.3,24.2,1.18702,2055.11
2014,7,7,54.8,1013.5,12.3,25.4,1.18273,2047.68
2014,7,8,48.3,1013.4,10.8,26.1,1.17983,1382.78
2014,7,9,57.4,1007.5,7.2,25.6,1.17495,408.02
2014,7,10,65.8,1005.5,9.3,24.4,1.17735,881.08
2014,7,11,67.5,1003.4,10.8,25.1,1.17215,1373.77
2014,7,12,70.3,1006.6,19.5,24.6,1.17786,8125.67
2014,7,13,61.5,1012.1,4.6,24.4,1.18507,107.32
2014,7,14,56.3,1010.6,11.3,26,1.17699,1580.04
2014,7,15,59.7,1008.4,11.8,26,1.17443,1795.29
2014,7,16,67.2,1008.5,10.3,24,1.18245,1202.15
2014,7,17,62.2,1011.5,7.2,24.9,1.18239,410.6
2014,7,18,58.7,1010.6,7.7,25.7,1.17817,500.43
2014,7,19,64.5,1010.5,10.8,24.8,1.18162,1384.87
2014,7,20,67.2,1011.8,9.8,25.4,1.18077,1033.96
2014,7,21,59.7,1011.4,9.3,26.7,1.17518,879.46
2014,7,22,53.8,1008,9.8,27,1.17005,1024.57
2014,7,23,68,1005.6,8.2,25.8,1.17197,601.2
2014,7,24,74.7,1007.7,11.8,23.9,1.18193,1806.75
2014,7,25,66.6,1009.3,9.8,25.6,1.17707,1030.72
2014,7,26,61.8,1010.1,10.8,26.9,1.1729,1374.65
2014,7,27,61.7,1011.5,8.2,27.3,1.17296,601.71
2014,7,28,65.4,1011.1,4.6,27.5,1.17173,106.11
2014,7,29,66.2,1008.4,7.2,27.8,1.16744,405.41
2014,7,30,64.3,1009.6,11.3,27.6,1.1696,1570.12
2014,7,31,62.5,1007.2,10.3,27.5,1.1672,1186.64
2014,8,1,56.8,1003.1,10.3,28,1.16051,1179.84
2014,8,2,72.9,1005.5,8.2,25.4,1.17343,601.95
2014,8,3,66.5,1009.2,7.2,25.7,1.17656,408.58
2014,8,4,58.2,1007.9,6.2,27.5,1.168,258.99
2014,8,5,55.1,1007,10.8,28,1.16502,1365.42
2014,8,6,62.7,1005,15.4,27.9,1.16311,3952.25
2014,8,7,66.7,1005.7,11.3,24.7,1.17641,1579.26
2014,8,8,67.9,1009.9,9.3,24.2,1.1833,885.54
2014,8,9,63.4,1012.7,9.3,25,1.1834,885.6
2014,8,10,57.3,1013.5,10.3,26.3,1.17919,1198.82
2014,8,11,58.6,1012.4,12.3,27.8,1.17205,2029.19
2014,8,12,60.2,1012,11.8,27.2,1.17393,1794.52
2014,8,13,59.1,1011.6,12.9,27.7,1.17151,2339.8
2014,8,14,65.5,1009.9,13.4,27.6,1.16995,2619.05
2014,8,15,65.3,1008.7,7.7,27.6,1.16856,496.35
2014,8,16,65.1,1007.8,5.1,27.6,1.16752,144.09
2014,8,17,69.3,1006.2,15.4,26.4,1.17033,3976.79
2014,8,18,60.1,1011.6,11.3,22.3,1.19288,1601.38
2014,8,19,53.3,1014.3,13.4,24.5,1.18723,2657.73
2014,8,20,58.3,1015.4,9.3,25,1.18654,887.96
2014,8,21,67.2,1014.6,4.6,24.9,1.18602,107.41
2014,8,22,58.6,1013.7,7.2,26.9,1.17707,408.75
2014,8,23,64.5,1012.9,12.9,27.4,1.1742,2345.16
2014,8,24,72.1,1010.6,5.7,26.4,1.17546,202.53
2014,8,25,62.8,1012.2,14.9,25.8,1.17965,3630.56
2014,8,26,62.3,1013.5,12.3,26.1,1.17998,2042.93
2014,8,27,58.8,1010.5,8.2,26.1,1.17648,603.52
2014,8,28,54.3,1009.2,13.9,26.2,1.17457,2934.83
2014,8,29,53.5,1014.7,14.9,25.7,1.18294,3640.67
2014,8,30,57,1015.9,15.4,23.2,1.19432,4058.29
2014,8,31,59.6,1012.7,10.8,24.1,1.18696,1391.14
2014,9,1,64.2,1009.4,9.8,24.2,1.18271,1035.66
2014,9,2,66.3,1006.9,7.2,24.9,1.17702,408.74
2014,9,3,70.4,1006.6,13.4,24.4,1.17865,2638.52
2014,9,4,71,1008.7,7.2,24.5,1.18071,410.02
2014,9,5,73.7,1008,10.8,24.6,1.17951,1382.4
2014,9,6,74.3,1006.6,7.2,24.4,1.17866,409.3
2014,9,7,81.8,1009,13.4,21,1.19511,2675.36
2014,9,8,73.3,1012.4,9.8,23.1,1.19064,1042.6
2014,9,9,65.1,1013.9,10.3,23,1.19279,1212.65
2014,9,10,58.4,1012.8,10.8,23.3,1.19027,1395.02
2014,9,11,59.3,1013.4,10.3,22.9,1.19259,1212.45
2014,9,12,61.3,1014.1,7.2,23.9,1.18941,413.04
2014,9,13,64.5,1015.2,10.3,24,1.1903,1210.13
2014,9,14,65.2,1013.4,10.8,23.6,1.18979,1394.45
2014,9,15,64.3,1012.5,11.3,23.8,1.18793,1594.74
2014,9,16,62.8,1011.4,11.8,23.3,1.18864,1817.01
2014,9,17,67.8,1012.1,12.9,21.7,1.19591,2388.53
2014,9,18,64.9,1015.9,7.2,21,1.20325,417.84
2014,9,19,63,1021.2,8.2,20.3,1.2124,621.94
2014,9,20,62.1,1021,6.2,19.7,1.21464,269.33
2014,9,21,60.5,1015.1,5.7,20.2,1.20557,207.72
2014,9,22,74.7,1011,8.7,21.2,1.19665,733.14
2014,9,23,71.2,1005.8,14.9,24.1,1.1789,3628.25
2014,9,24,46.6,1017.9,7.2,17.6,1.21967,423.54
2014,9,25,53.5,1017.3,6.7,16.7,1.22274,342.15
2014,9,26,67.9,1013,8.7,16.1,1.22011,747.51
2014,9,27,84.4,1012.9,13.4,13.4,1.23149,2756.81
2014,9,28,59,1020,14.4,16.6,1.22641,3407.1
2014,9,29,61.3,1027.1,11.3,17.2,1.2324,1654.43
2014,9,30,65.9,1025.4,10.3,17,1.23122,1251.72
2014,10,1,63.4,1022.3,11.8,17.1,1.22707,1875.76
2014,10,2,67.4,1021.7,12.9,19,1.21839,2433.42
2014,10,3,67.3,1021.1,14.9,17.8,1.22269,3763.02
2014,10,4,63.8,1019.5,11.3,16.2,1.22751,1647.87
2014,10,5,65.4,1019,11.3,17.2,1.22269,1641.4
2014,10,6,67.8,1020.9,7.7,18.6,1.21911,517.81
2014,10,7,66.8,1020.9,5.7,19.6,1.21495,209.34
2014,10,8,78.8,1020.2,11.3,19.4,1.21496,1631.02
2014,10,9,69,1020.6,11.8,18.6,1.21875,1863.04
2014,10,10,70.9,1020,12.3,18.1,1.22012,2112.42
2014,10,11,70.8,1018.4,11.8,17.6,1.2203,1865.41
2014,10,12,70.7,1017.3,9.3,18,1.21731,910.99
2014,10,13,74.5,1016.9,8.7,17,1.22102,748.07
2014,10,14,66.8,1015.9,5.7,17,1.21981,210.17
2014,10,15,75.1,1015.6,6.2,16.4,1.22199,270.96
2014,10,16,69.2,1014.8,9.8,20.5,1.204,1054.3
2014,10,17,79.6,1014.3,8.2,21,1.20138,616.29
2014,10,18,64.3,1015.3,12.9,21.2,1.20172,2400.13
2014,10,19,55.8,1025.6,13.9,16.1,1.23527,3086.51
2014,10,20,61.6,1023.6,5.7,13.4,1.24447,214.42
2014,10,21,68.4,1015.5,9.8,13.5,1.2342,1080.75
2014,10,22,68,1009.1,17,18.8,1.20419,5504.32
2014,10,23,72.3,1002.7,24.7,20.4,1.19005,16684.69
2014,10,24,81.3,1009.6,8.7,15.4,1.21898,746.82
2014,10,25,80.6,1008.9,11.3,14.8,1.22067,1638.68
2014,10,26,86.5,1018.8,10.8,8.2,1.26153,1478.53
2014,10,27,91.5,1024.1,11.3,7.2,1.27261,1708.41
2014,10,28,89.8,1023.9,11.3,8.9,1.2647,1697.8
2014,10,29,95.4,1019.5,10.8,12.1,1.24517,1459.35
2014,10,30,97.4,1018.5,8.2,11.3,1.24744,639.92
2014,10,31,81.2,1020.6,9.8,10,1.25573,1099.6
2014,11,1,70.2,1022.9,13.4,10.6,1.25589,2811.43
2014,11,2,66.2,1023.5,11.8,10.5,1.25706,1921.61
2014,11,3,65.2,1023.8,11.8,11.1,1.25478,1918.12
2014,11,4,71.5,1022.6,7.7,9.4,1.26085,535.55
2014,11,5,75.1,1022.4,6.2,9.7,1.25927,279.23
2014,11,6,82,1024.9,4.6,12.1,1.25175,113.36
2014,11,7,81.3,1022.7,4.1,13.8,1.24167,79.62
2014,11,8,81.8,1017.7,6.2,15,1.23046,272.84
2014,11,9,82.4,1015.3,7.2,14.9,1.22799,426.43
2014,11,10,93.1,1020.8,3.6,14.4,1.2368,53.69
2014,11,11,92.2,1022.4,7.7,13.9,1.24089,527.07
2014,11,12,88.7,1018,7.7,14.2,1.23426,524.25
2014,11,13,93.7,1012.9,7.2,14.4,1.22723,426.17
2014,11,14,99,1010.8,11.3,14.4,1.22469,1644.08
2014,11,15,95.8,1014.9,12.3,12.5,1.23782,2143.05
2014,11,16,87.2,1017.4,7.7,12.2,1.24216,527.61
2014,11,17,90.7,1016.4,3.6,13.5,1.23532,53.62
2014,11,18,95,1018.3,9.8,15.4,1.2295,1076.64
2014,11,19,79.2,1017.1,20.1,18.4,1.21542,9182.8
2014,11,20,77.1,1014.2,9.3,14.9,1.22665,917.98
2014,11,21,67.3,1018.3,9.3,11.5,1.24629,932.67
2014,11,22,66.9,1023.1,7.2,9.7,1.26012,437.59
2014,11,23,72.1,1026.2,10.8,8.7,1.26843,1486.61
2014,11,24,72.5,1025.2,11.8,8.6,1.26764,1937.78
2014,11,25,75.5,1024.4,11.8,5.8,1.27936,1955.69
2014,11,26,75.3,1023,9.8,5.4,1.27944,1120.37
2014,11,27,80.2,1023.1,8.7,6,1.27682,782.26
2014,11,28,71.3,1023.9,3.6,9.5,1.26201,54.78
2014,11,29,81.1,1024.1,7.2,11,1.25561,436.03
2014,11,30,90.9,1019.2,9.3,13.2,1.24002,927.98
2014,12,1,92,1019.1,9.8,10.5,1.25169,1096.06
2014,12,2,86.9,1015.8,6.2,11.8,1.24194,275.38
2014,12,3,87.8,1015.7,11.8,14.9,1.22848,1877.91
2014,12,4,83.7,1017.4,15.4,15.2,1.22925,4177
2014,12,5,98.6,1021,8.2,12.2,1.24657,639.47
2014,12,6,95.1,1017.8,7.2,12.8,1.24005,430.62
2014,12,7,99,1015.1,5.1,12,1.24023,153.06
2014,12,8,97.2,1010.5,7.7,12.2,1.23375,524.03
2014,12,9,91.5,1005.2,9.8,12.7,1.22513,1072.8
2014,12,10,94.3,1013.4,10.3,10.7,1.24381,1264.53
2014,12,11,93.4,1019,5.1,11.5,1.24717,153.92
2014,12,12,97.5,1014.8,12.9,10.8,1.2451,2486.75
2014,12,13,78.8,1024.1,9.3,8.8,1.26539,946.97
2014,12,14,88.3,1025.4,5.7,7,1.27514,219.71
2014,12,15,91.9,1025.8,5.1,7.3,1.27427,157.27
2014,12,16,88.7,1024.1,10.3,10,1.26004,1281.03
2014,12,17,82,1017.6,12.3,14.3,1.23333,2135.29
2014,12,18,94.6,1015.5,4.1,12.4,1.23898,79.45
2014,12,19,90.8,1021.4,6.2,9.7,1.25805,278.96
2014,12,20,90.2,1021.4,5.1,8.7,1.26251,155.81
2014,12,21,90.3,1019.1,9.8,10.6,1.25124,1095.67
2014,12,22,54.3,1028.4,6.7,7.3,1.27747,357.47
2014,12,23,71.3,1024,10.3,9,1.26436,1285.42
2014,12,24,77.9,1024.7,4.6,10.6,1.25811,113.93
2014,12,25,75.5,1021.8,12.3,11.3,1.25146,2166.67
2014,12,26,83.8,1015,9.3,13.5,1.23361,923.19
2014,12,27,87.6,1009.4,11.3,8.2,1.24989,1677.91
2014,12,28,70.5,1013.2,23.1,6.2,1.26356,14490.78
2014,12,29,75.1,1003.8,25.2,12.8,1.22297,18208.75
2014,12,30,85,1016.7,20.6,1.6,1.28914,10484.89
2014,12,31,95,1016.6,22.6,-1.5,1.30372,14001.39
2015,1,1,77.3,1022.9,25.7,-1,1.30938,20678.9
2015,1,2,59.1,1028.5,7.7,0.5,1.30933,556.14
2015,1,3,83.1,1025.3,4.1,0.7,1.30432,83.64
2015,1,4,84.5,1015.9,13.4,6.2,1.26693,2836.15
2015,1,5,66.9,1015,14.9,4.7,1.27263,3916.71
2015,1,6,55,1014,13.4,2.5,1.28151,2868.78
2015,1,7,55.8,1026.4,14.4,-1.1,1.31434,3651.37
2015,1,8,49,1038.2,7.7,-3.8,1.34277,570.34
2015,1,9,68.8,1035.4,7.2,-2.1,1.33076,462.12
2015,1,10,77,1018.6,11.8,7.6,1.26397,1932.16
2015,1,11,76,1016,20.6,11.2,1.24479,10124.2
2015,1,12,82,1014.9,27.3,9.4,1.25137,23688.27
2015,1,13,70.6,1025.8,14.9,5.2,1.28386,3951.29
2015,1,14,80.7,1022.2,6.7,6.6,1.27297,356.21
2015,1,15,93.7,1018.3,4.1,5.3,1.27403,81.69
2015,1,16,81.7,1023.9,8.2,6.2,1.27691,655.03
2015,1,17,79.5,1026.3,4.1,4.8,1.28634,82.48
2015,1,18,83.7,1026.3,9.3,6.1,1.28036,958.17
2015,1,19,78,1020.7,13.9,11.8,1.24792,3118.13
2015,1,20,85.5,1017.8,9.8,12.5,1.24134,1087
2015,1,21,89,1017.4,5.1,10.9,1.24784,154
2015,1,22,90,1019.7,4.6,10.7,1.25154,113.34
2015,1,23,74.8,1013.4,12.9,11.4,1.24074,2478.05
2015,1,24,82.7,1007.5,14.9,11.2,1.23439,3799.02
2015,1,25,73.3,1009.4,14.9,11.8,1.23411,3798.15
2015,1,26,94.7,1016.1,8.7,9.7,1.25153,766.76
2015,1,27,97.5,1014.5,5.7,8.7,1.25399,216.06
2015,1,28,94,1010.2,7.2,7.5,1.254,435.47
2015,1,29,84.4,1009.5,8.7,7.1,1.25491,768.83
2015,1,30,82.1,1003.4,22.1,10.8,1.23109,12363.16
2015,1,31,73.6,996.3,26.2,13.8,1.20961,20240.02
2015,2,1,62.3,995.2,26.8,17.5,1.1929,21363.38
2015,2,2,71.6,999.1,28.8,14.8,1.2088,26865.42
2015,2,3,65.9,1005.1,13.9,12.1,1.22755,3067.22
2015,2,4,74.9,1014.5,14.9,8.9,1.25308,3856.55
2015,2,5,73.1,1015.2,11.3,13.4,1.23427,1656.94
2015,2,6,79.7,1010.9,22.1,10.6,1.24117,12464.3
2015,2,7,76.6,1013.4,12.3,9.8,1.24775,2160.24
2015,2,8,83,1009.4,10.3,5.9,1.26018,1281.17
2015,2,9,76.8,1005.8,20.1,4.2,1.26337,9545.1
2015,2,10,62.9,1008.4,21.1,2,1.27675,11158.72
2015,2,11,51.3,1016.8,18,0.2,1.29585,7031.27
2015,2,12,63.5,1023.3,13.4,1.6,1.2975,2904.58
2015,2,13,65.9,1024.3,9.3,3.9,1.28799,963.88
2015,2,14,78,1021.1,10.3,5.6,1.27615,1297.4
2015,2,15,79.1,1018.7,9.3,6.9,1.26725,948.36
2015,2,16,78.8,1021.9,12.9,6.8,1.27168,2539.86
2015,2,17,66.8,1028.2,17,2.5,1.29946,5939.79
2015,2,18,49.8,1033,14.9,-1.3,1.32376,4074.07
2015,2,19,36.2,1029.2,14.9,2.3,1.30165,4006.03
2015,2,20,52.5,1023.7,7.7,5.1,1.28168,544.39
2015,2,21,65.8,1020.7,9.8,6.5,1.27154,1113.45
2015,2,22,71.5,1016.7,9.8,7.1,1.26385,1106.72
2015,2,23,72.7,1012,11.3,12.3,1.23512,1658.08
2015,2,24,91.5,1007.3,9.3,10.6,1.23676,925.54
2015,2,25,95,1008.2,10.3,9.7,1.2418,1262.48
2015,2,26,83,1017.4,11.8,11.6,1.24477,1902.81
2015,2,27,89.1,1013.9,8.7,10.1,1.24705,764.02
2015,2,28,91.9,1010.3,7.2,10.4,1.24132,431.06
2015,3,1,87.3,1017.3,12.9,9.4,1.25433,2505.2
2015,3,2,91.1,1017.7,6.2,8.2,1.26017,279.43
2015,3,3,89,1015.2,9.3,11.5,1.24252,929.85
2015,3,4,49.8,1025.9,10.8,10.4,1.26044,1477.25
2015,3,5,57.1,1022.3,7.2,7.4,1.26945,440.83
2015,3,6,63,1016.7,17,13.9,1.23393,5640.27
2015,3,7,83.2,1018.6,15.4,9.4,1.25593,4267.64
2015,3,8,74.6,1021.8,14.9,8.1,1.26568,3895.34
2015,3,9,78.8,1023.5,12.9,7.4,1.27095,2538.4
2015,3,10,81.8,1023.3,10.3,7.7,1.26935,1290.49
2015,3,11,76.5,1019.8,5.1,9.2,1.25829,155.29
2015,3,12,80.2,1012.6,11.8,8.2,1.25385,1916.69
2015,3,13,75,1014.7,10.8,9.3,1.25155,1466.84
2015,3,14,86.2,1015.2,11.3,8.3,1.25663,1686.95
2015,3,15,82.6,1025.8,7.7,8.6,1.26839,538.75
2015,3,16,70.5,1032,12.3,9.1,1.27379,2205.33
2015,3,17,61.5,1029.6,14.4,8.6,1.27307,3536.73
2015,3,18,51.6,1026.4,13.9,5.9,1.28138,3201.72
2015,3,19,59.7,1022.6,8.2,5.3,1.27939,656.31
2015,3,20,67.5,1019.3,10.8,5.3,1.27527,1494.63
2015,3,21,59.5,1021.6,7.2,8.2,1.26497,439.28
2015,3,22,72,1021.3,7.2,7.4,1.26822,440.4
2015,3,23,84.4,1018.4,9.3,9.6,1.2548,939.04
2015,3,24,77.3,1021.4,11.3,9.4,1.25937,1690.64
2015,3,25,79.7,1019.8,8.2,8.6,1.26097,646.86
2015,3,26,83.2,1018,5.1,10.8,1.24901,154.15
2015,3,27,89.5,1008.2,10.3,12.7,1.22878,1249.24
2015,3,28,78.3,1003.9,9.3,13.6,1.21969,912.77
2015,3,29,86.1,1007.2,6.7,12.4,1.22885,343.86
2015,3,30,88.4,1009.7,9.3,11.9,1.23406,923.52
2015,3,31,82.3,1008.6,7.7,12.8,1.22883,521.95
2015,4,1,78.1,1008.4,13.4,13.6,1.22516,2742.64
2015,4,2,65.1,1013.6,9.8,11.3,1.24141,1087.06
2015,4,3,67.7,1012.9,10.8,8.7,1.25199,1467.34
2015,4,4,64.2,1017,4.6,7.7,1.26152,114.24
2015,4,5,64.5,1014.8,13.9,9.6,1.25034,3124.17
2015,4,6,73.3,1008.2,23.7,14.4,1.22151,15128.72
2015,4,7,76.2,1011.3,9.8,8.6,1.25046,1094.99
2015,4,8,63.9,1016.9,15.4,8.3,1.25871,4277.1
2015,4,9,66.2,1015.7,17,8.3,1.25723,5746.74
2015,4,10,41.8,1024.4,15.4,10.6,1.2577,4273.68
2015,4,11,57.1,1026.2,5.7,9.2,1.26617,218.16
2015,4,12,63.1,1023.6,4.6,11.2,1.25409,113.57
2015,4,13,62.3,1023.7,4.1,13.1,1.2459,79.89
2015,4,14,68.1,1020.6,9.8,13,1.24257,1088.07
2015,4,15,65.9,1020.9,9.8,14.4,1.23688,1083.1
2015,4,16,68,1021.8,8.2,12.3,1.24707,639.73
2015,4,17,72.3,1019.2,12.3,14.8,1.23312,2134.92
2015,4,18,69.5,1014.3,14.9,16.9,1.21831,3749.55
2015,4,19,68.7,1013.6,14.4,13.7,1.23104,3419.95
2015,4,20,69.2,1015.9,7.2,11,1.24554,432.53
2015,4,21,62.7,1014.2,12.9,10.8,1.24432,2485.22
2015,4,22,69.6,1018.3,11.8,8.9,1.25777,1922.69
2015,4,23,63.1,1023.7,7.7,9,1.26399,536.88
2015,4,24,65.9,1022.3,7.2,10.5,1.25559,436.02
2015,4,25,78,1019.5,6.7,12.6,1.24297,347.81
2015,4,26,84,1017.4,7.7,13.4,1.23696,525.4
2015,4,27,78.8,1015.6,6.7,14.2,1.23133,344.56
2015,4,28,72.8,1010.9,15.9,15.5,1.22012,4563.04
2015,4,29,74.9,1010,10.8,16.6,1.21441,1423.31
2015,4,30,74.2,1016,10.3,15.9,1.22458,1244.97
2015,5,1,74,1015.3,6.2,16,1.22331,271.25
2015,5,2,78.8,1013.7,10.3,15.4,1.22393,1244.31
2015,5,3,86.4,1013,6.2,16.5,1.21846,270.18
2015,5,4,72.6,1016,4.6,17.9,1.21617,110.14
2015,5,5,68.5,1015.6,5.1,18.9,1.21153,149.52
2015,5,6,67.8,1013.8,6.7,20,1.20486,337.15
2015,5,7,69.1,1011.9,5.1,20.5,1.20056,148.17
2015,5,9,54.1,1013.4,13.9,20,1.20436,3009.27
2015,5,10,41.6,1014.1,16.5,18.1,1.21302,5069.69
2015,5,11,52.8,1014.6,13.9,18,1.21405,3033.49
2015,5,12,50.1,1018,15.4,18.9,1.21437,4126.42
2015,5,13,54.9,1018.6,11.3,19.2,1.21385,1629.52
2015,5,14,58.6,1014.2,7.7,17.6,1.21525,516.18
2015,5,15,66.6,1013.5,11.3,19.3,1.20738,1620.84
2015,5,16,69.5,1018.7,9.3,20.1,1.21027,905.72
2015,5,17,63.9,1018.1,6.7,20.6,1.20749,337.89
2015,5,18,64.2,1014.6,12.3,22.2,1.19683,2072.1
2015,5,19,65.9,1010,11.3,22.1,1.19181,1599.95
2015,5,20,80,1008.6,9.3,20.1,1.19829,896.75
2015,5,21,67.7,1013,7.2,20.4,1.20227,417.5
2015,5,22,61,1014.2,6.7,20.9,1.20164,336.25
2015,5,23,62.3,1010.9,6.7,22.5,1.19126,333.34
2015,5,24,72.2,1008.5,7.2,20.8,1.19531,415.09
2015,5,25,76.8,1009.3,9.8,20.1,1.19912,1050.03
2015,5,26,75.2,1008.6,9.8,20.3,1.19747,1048.58
2015,5,27,80.4,1006.2,9.3,19.8,1.19666,895.53
2015,5,28,75.3,1008.4,10.8,18.6,1.20419,1411.33
2015,5,29,66.7,1010.7,11.3,18.3,1.20816,1621.89
2015,5,30,51.5,1015,9.3,18.3,1.21328,907.97
2015,5,31,58.9,1017,7.2,19.3,1.21153,420.72
2015,6,1,60.8,1017.7,13.4,20,1.20948,2707.53
2015,6,2,63.1,1016.2,15.4,21,1.2036,4089.84
2015,6,3,63.9,1017.2,12.3,21.7,1.20193,2080.92
2015,6,4,61.2,1016.3,8.7,22.3,1.19843,734.23
2015,6,5,60.9,1016.2,11.8,23.9,1.19187,1821.95
2015,6,6,64,1017.7,13.9,22.2,1.20049,2999.61
2015,6,7,70.1,1019.2,12.9,21.2,1.20635,2409.37
2015,6,8,80.7,1016.7,10.3,19,1.21245,1232.64
2015,6,9,80.5,1013.7,4.6,18.6,1.21053,109.63
2015,6,10,74.9,1013.2,8.2,21.2,1.19926,615.2
2015,6,12,63.7,1015.9,10.8,23.6,1.19272,1397.89
2015,6,13,59.4,1016.4,11.3,24.2,1.1909,1598.72
2015,6,14,56,1014.6,7.2,24.2,1.18878,412.82
2015,6,15,66.9,1012.3,7.2,23.1,1.19051,413.42
2015,6,16,64.1,1009.8,7.2,23.7,1.18517,411.56
2015,6,17,62.3,1009.2,19.5,25.7,1.17655,8116.61
2015,6,18,75.1,1005.9,14.9,22.2,1.18659,3651.93
2015,6,19,59.3,1006.9,10.8,21.8,1.18935,1393.93
2015,6,20,59.9,1009.9,5.7,21.7,1.1933,205.61
2015,6,21,62.4,1009.6,11.3,22.5,1.18973,1597.14
2015,6,22,69.8,1013.8,11.3,19.2,1.20815,1621.88
2015,6,23,74.6,1014.4,8.2,19.6,1.20722,619.29
2015,6,24,68.7,1014.3,6.7,22,1.1973,335.03
2015,6,25,64.3,1013.9,8.2,22.7,1.19399,612.5
2015,6,26,62.8,1011.6,8.7,22.7,1.19128,729.85
2015,6,27,64.5,1009.2,12.3,21.3,1.1941,2067.36
2015,6,28,69,1011.1,10.3,21.3,1.19635,1216.28
2015,6,29,62.3,1014.1,9.8,22.6,1.19463,1046.1
2015,6,30,56.9,1015.8,10.3,24,1.19099,1210.82
2015,7,1,54.8,1017.6,12.3,24.2,1.19229,2064.24
2015,7,2,57.3,1018.4,11.3,24.4,1.19244,1600.78
2015,7,3,58.4,1019.7,11.8,24.7,1.19276,1823.31
2015,7,4,61,1019.7,10.3,23.4,1.19798,1217.94
2015,7,5,63.5,1017.4,9.3,23.6,1.19448,893.9
2015,7,6,63.9,1016.5,9.3,24.9,1.18823,889.23
2015,7,7,59.6,1014.9,12.9,26.2,1.18121,2359.17
2015,7,8,67.1,1011,13.4,25.9,1.17787,2636.78
2015,7,9,67.6,1007.9,7.7,26.1,1.17348,498.43
2015,7,10,69,1010.9,12.9,26.3,1.17619,2349.13
2015,7,11,60.5,1014,12.3,25.5,1.18293,2048.02
2015,7,12,56.5,1013.7,13.4,25,1.18455,2651.72
2015,7,13,47.9,1013.6,11.8,25,1.18441,1810.55
2015,7,14,53.3,1012.2,10.3,25.2,1.182,1201.68
2015,7,15,59.8,1015.3,10.3,25.5,1.18444,1204.17
2015,7,16,52.8,1016.2,11.8,26.5,1.18153,1806.14
2015,7,17,58,1017.1,14.4,26.5,1.18259,3285.35
2015,7,18,53.3,1015.5,13.9,26,1.18268,2955.12
2015,7,19,52.1,1013.7,15.9,26.5,1.17862,4407.84
2015,7,20,53.8,1010.1,12.9,26.1,1.17601,2348.77
2015,7,21,54.9,1010.3,14.4,26.4,1.17506,3264.45
2015,7,22,51.7,1013,14.4,27.3,1.17467,3263.37
2015,7,23,63.6,1010.1,16.5,26.4,1.17485,4910.18
2015,7,24,63.8,1008.9,12.3,26.2,1.17424,2032.98
2015,7,25,64.1,1009,5.1,27.2,1.17046,144.45
2015,7,26,63.5,1008.1,6.2,25.6,1.17566,260.69
2015,7,27,54.7,1006.6,6.7,27.8,1.16533,326.09
2015,7,28,50.5,1005.7,7.2,28.8,1.16043,402.97
2015,7,29,53.4,1006.7,13.9,29.6,1.15853,2894.75
2015,7,30,61.2,1006.2,11.3,29.5,1.15836,1555.03
2015,7,31,63.9,1006.1,14.4,29.2,1.15939,3220.92
2015,8,1,60,1011.6,13.9,28.5,1.16842,2919.47
2015,8,2,64.7,1016,14.4,27.5,1.17741,3270.96
2015,8,3,65.2,1014.2,13.9,27.8,1.17415,2933.8
2015,8,4,62.8,1011.5,12.9,27.9,1.17063,2338.04
2015,8,5,62,1010,15.9,28.6,1.16619,4361.36
2015,8,6,60.4,1009.9,11.8,28.3,1.16723,1784.28
2015,8,7,71.4,1010.7,13.4,27.4,1.17167,2622.9
2015,8,8,62,1013.6,14.4,27.3,1.1754,3265.38
2015,8,9,64.5,1013.8,12.3,27.4,1.17525,2034.72
2015,8,10,60.4,1011.6,8.7,27.9,1.17074,717.27
2015,8,11,63.6,1010.5,5.1,27,1.17298,144.76
2015,8,12,55.7,1011.7,5.7,27,1.17435,202.34
2015,8,13,58.1,1010.6,11.3,27.6,1.17074,1571.66
2015,8,14,54.9,1009.8,9.8,28.9,1.16478,1019.96
2015,8,15,55.3,1008.6,9.3,28.9,1.1634,870.64
2015,8,16,52.6,1008.5,7.7,28.3,1.16559,495.08
2015,8,17,61.8,1008.2,9.3,26.6,1.17186,876.97
2015,8,18,72.1,1009,6.7,26.8,1.17204,327.96
2015,8,19,65.3,1010.7,12.9,27.6,1.17088,2338.52
2015,8,20,62.9,1012.1,13.4,28,1.17094,2621.26
2015,8,21,65.9,1013.5,12.3,26.4,1.17881,2040.9
2015,8,22,63.1,1012.3,12.9,26.1,1.17859,2353.93
2015,8,23,58.8,1012.8,10.3,24.6,1.18509,1204.82
2015,8,24,55.8,1014.4,11.3,24.6,1.18695,1593.42
2015,8,25,50.1,1015.5,13.4,26,1.18268,2647.54
2015,8,26,54.5,1015.6,13.4,26.2,1.18202,2646.05
2015,8,27,56.2,1016.7,13.4,25.4,1.18646,2656.01
2015,8,28,55.5,1018.1,13.4,25.4,1.1881,2659.67
2015,8,29,57.3,1018.8,14.9,26,1.18654,3651.75
2015,8,30,46.7,1019.2,14.4,27.1,1.18264,3285.49
2015,8,31,53.7,1017.9,13.9,27.3,1.18036,2949.31
2015,9,1,62.8,1013.7,14.4,26.2,1.17982,3277.68
2015,9,2,69.8,1010.7,8.7,25.4,1.17949,722.63
2015,9,3,79.4,1010.6,7.2,24.7,1.18216,410.52
2015,9,4,64.8,1011.4,7.7,26.9,1.17441,498.83
2015,9,5,59.8,1013.1,6.2,26.4,1.17833,261.28
2015,9,6,57.3,1011.8,10.3,26,1.17839,1198.01
2015,9,7,61.5,1012.8,14.9,26,1.17956,3630.28
2015,9,8,64.9,1014,16.5,24.9,1.18531,4953.89
2015,9,9,58.9,1016.3,12.3,23.3,1.19439,2067.87
2015,9,10,62.3,1014.3,8.7,25.2,1.18447,725.68
2015,9,11,69.4,1014.6,6.7,25.5,1.18365,331.21
2015,9,12,77.5,1015.9,17.5,22.6,1.19678,5967.45
2015,9,13,68.2,1018.6,10.8,21.9,1.20278,1409.67
2015,9,14,69.9,1017.9,11.3,23.2,1.19669,1606.5
2015,9,15,68.8,1017.3,12.3,23,1.19679,2072.03
2015,9,16,68.1,1015.9,12.9,23.5,1.19313,2382.98
2015,9,17,68.7,1014.9,13.4,23.6,1.19156,2667.42
2015,9,18,64.3,1014.7,14.4,24.3,1.18852,3301.83
2015,9,19,65,1014.5,14.4,24.3,1.18829,3301.18
2015,9,20,72,1011.3,6.7,22.8,1.19054,333.14
2015,9,21,73.4,1008.3,13.9,23,1.18622,2963.94
2015,9,22,77.9,1008.4,9.8,22.2,1.18955,1041.65
2015,9,23,85.5,1008.4,7.2,21.4,1.19279,414.21
2015,9,24,85.8,1012.5,8.2,22,1.19521,613.12
2015,9,25,78.6,1014,8.2,23.4,1.19133,611.13
2015,9,26,76.5,1012.7,4.1,22.8,1.1922,76.45
2015,9,27,73.4,1012.6,6.7,23.8,1.18807,332.45
2015,9,28,86.5,1014.4,17.5,21.5,1.19948,5980.92
2015,9,29,84.5,1017.7,11.8,16.8,1.22284,1869.29
2015,9,30,70,1021.6,11.8,15.5,1.23303,1884.86
2015,10,1,61.5,1024.8,12.3,16.6,1.23219,2133.31
2015,10,2,68.3,1025.9,10.3,16.8,1.23267,1253.2
2015,10,3,74.8,1024.8,10.8,19.4,1.22043,1430.36
2015,10,4,77.5,1022.7,9.3,19.3,1.21835,911.77
2015,10,5,77.2,1017.1,5.7,18.9,1.21334,209.06
2015,10,6,70.7,1011.1,6.2,19.9,1.20206,266.54
2015,10,7,69.4,1010.3,5.1,19.5,1.20275,148.44
2015,10,8,71.5,1013.5,11.3,19.1,1.20821,1621.95
2015,10,9,74.3,1016.7,7.2,18.4,1.21493,421.9
2015,10,10,72.9,1018.1,8.2,17.8,1.21911,625.38
2015,10,11,77.8,1010.1,17.5,19.7,1.2017,5992.01
2015,10,12,82,1009.2,9.3,22.1,1.1909,891.22
2015,10,13,77.1,1016.7,10.3,17.7,1.21786,1238.14
2015,10,14,76.6,1020.4,10.8,16.8,1.22607,1436.97
2015,10,15,72.8,1020.6,13.9,17.7,1.22252,3054.65
2015,10,16,69.2,1020.2,10.3,18,1.22078,1241.11
2015,10,17,73.8,1019.5,8.7,18.7,1.21703,745.62
2015,10,18,79,1019.8,8.7,17.5,1.22241,748.92
2015,10,19,77.8,1017.2,5.1,17.2,1.22055,150.64
2015,10,20,82.6,1013.7,5.1,17.5,1.2151,149.96
2015,10,21,88.3,1011.7,11.3,17.2,1.21397,1629.68
2015,10,22,90.2,1009.1,12.3,15.8,1.2167,2106.5
2015,10,23,92,1006.5,17,15,1.21694,5562.57
2015,10,24,82,1015.4,16.5,12.1,1.24015,5183.05
2015,10,25,68.5,1021.3,12.3,14,1.23909,2145.26
2015,10,26,72.7,1021.2,12.3,14,1.23898,2145.06
2015,10,27,72.2,1021.3,13.4,14.7,1.23609,2767.1
2015,10,28,63.9,1022.4,13.4,13.7,1.24172,2779.7
2015,10,29,73,1020.6,12.3,13.6,1.23997,2146.79
2015,10,30,70.2,1021.5,14.4,15,1.23504,3431.08
2015,10,31,64.2,1027.9,17,14.1,1.24666,5698.45
2015,11,1,60.1,1032.4,17.5,13.7,1.25386,6252.07
2015,11,2,63.3,1031.6,14.9,13.5,1.25376,3858.65
2015,11,3,70.4,1026.8,11.8,13,1.25012,1910.99
2015,11,4,68.1,1022,11.8,13.4,1.24253,1899.4
2015,11,5,78.2,1018.8,9.8,12.1,1.24429,1089.59
2015,11,6,78,1020.3,12.3,12.6,1.24395,2153.67
2015,11,7,74.7,1023.5,10.8,13.7,1.24307,1456.89
2015,11,8,75.8,1026,8.2,12.5,1.25133,641.91
2015,11,9,80.9,1023.1,6.7,12,1.24999,349.78
2015,11,10,75.4,1019.1,6.2,14,1.23643,274.16
2015,11,11,81.6,1019.7,5.1,14.9,1.23331,152.21
2015,11,12,77.9,1024.1,5.7,15,1.2382,213.34
2015,11,13,78.7,1026.4,8.2,15.1,1.24055,636.38
2015,11,14,84.4,1024.2,3.6,14.3,1.24134,53.88
2015,11,15,76.7,1019.7,9.3,13.7,1.23845,926.81
2015,11,16,75.4,1014.9,5.7,11.3,1.24301,214.17
2015,11,17,77.6,1019.8,8.2,13.7,1.23858,635.37
2015,11,18,78,1019.6,4.6,11.7,1.24702,112.93
2015,11,19,84.2,1020.9,4.6,13,1.24295,112.56
2015,11,20,80.8,1019,12.9,13.1,1.2402,2476.98
2015,11,21,71.3,1008.1,21.6,18.2,1.20548,11302.68
2015,11,22,68.3,1006.4,25.7,19.8,1.19688,18902.12
2015,11,23,71.6,1016.2,16.5,19.7,1.20895,5052.67
2015,11,24,73.7,1021.1,10.3,18.6,1.21935,1239.66
2015,11,25,70.8,1013.9,21.6,18,1.21324,11375.49
2015,11,26,78.1,1001.7,19,17,1.20278,7675.53
2015,11,27,77.5,1007.4,15.9,15.8,1.21464,4542.55
2015,11,28,81,1007.7,14.9,14.7,1.21964,3753.63
2015,11,29,72,1015.1,9.3,13.3,1.23458,923.91
2015,11,30,59.7,1022.1,5.7,9.5,1.25978,217.06
2015,12,1,77.4,1022,11.3,10.1,1.257,1687.46
2015,12,2,73.3,1022.6,8.2,12.2,1.24849,640.46
2015,12,3,64.8,1029.9,4.6,10.2,1.26626,114.67
2015,12,4,69.8,1034.6,8.2,9.2,1.27655,654.85
2015,12,5,71.7,1035.3,8.2,8.4,1.28104,657.15
2015,12,6,68.3,1035,5.1,7.2,1.28614,158.73
2015,12,7,78.3,1033.2,6.2,7.4,1.283,284.49
2015,12,8,74.3,1032,13.4,9.6,1.27154,2846.47
2015,12,9,72,1029.5,13.9,11.5,1.26,3148.31
2015,12,10,68.1,1027.4,12.9,11,1.25964,2515.8
2015,12,11,73.8,1027.5,12.3,7.7,1.27455,2206.66
2015,12,12,68.3,1024.8,9.8,7.2,1.27347,1115.13
2015,12,13,77.5,1024.7,7.7,6.6,1.27608,542.01
2015,12,14,76.3,1023.2,6.2,7.2,1.27148,281.93
2015,12,15,74.8,1025.8,10.3,9.3,1.26524,1286.32
2015,12,16,67.8,1025.9,17.5,9.5,1.26447,6304.97
2015,12,17,66.8,1027.4,19,8,1.27307,8124.05
2015,12,18,67.4,1026.9,11.8,7.6,1.27426,1947.89
2015,12,19,73.8,1025.6,9.8,8.1,1.27039,1112.44
2015,12,20,75.7,1029.3,10.8,9.3,1.26956,1487.94
2015,12,21,80.6,1031.9,5.1,6.9,1.28367,158.43
2015,12,22,87.2,1030.4,4.1,7,1.28135,82.16
2015,12,23,79.1,1031.2,6.7,7.8,1.27869,357.81
2015,12,24,77.2,1030.5,5.7,8.5,1.27465,219.62
2015,12,25,78.3,1029,9.3,9,1.27054,950.82
2015,12,26,80.2,1032.6,8.7,9,1.27499,781.13
2015,12,27,82.4,1032,8.2,8.2,1.27787,655.53
2015,12,28,79.8,1029.7,5.1,8,1.27593,157.47
2015,12,29,81,1024.1,11.3,7.7,1.27034,1705.37
2015,12,30,63.5,1027.6,15.9,5.4,1.28519,4806.39
2015,12,31,51.7,1030.8,15.4,-1.5,1.32191,4491.86
2016,1,1,53.9,1029.8,4.6,-1.7,1.3216,119.68
2016,1,2,57.8,1025.7,7.7,0.5,1.30576,554.62
2016,1,3,66.3,1019.7,11.3,3.1,1.28592,1726.28
2016,1,4,88.4,1007.4,12.9,4.4,1.26448,2525.46
2016,1,5,88.9,1002.8,13.9,11.1,1.22907,3071.01
2016,1,6,86,1006.7,23.1,12.3,1.22866,14090.64
2016,1,7,75.5,995.9,24.7,14.1,1.20787,16934.45
2016,1,8,76.6,1006.5,5.1,8.5,1.24497,153.65
2016,1,9,77.9,1017.4,8.2,8,1.26068,646.71
2016,1,10,68.7,1014.8,11.3,12.8,1.23637,1659.76
2016,1,11,81.8,1013.5,17,14.1,1.22922,5618.72
2016,1,12,72.4,1008.1,19.5,16,1.21464,8379.37
2016,1,13,73.8,1009.1,6.7,14.6,1.22175,341.88
2016,1,14,71.2,1016.8,7.2,9.5,1.25325,435.21
2016,1,15,67.8,1018.1,13.9,8.3,1.2602,3148.8
2016,1,16,73.2,1008.2,27.8,14.5,1.22108,24408.48
2016,1,17,77.2,997.9,24.7,11.7,1.22048,17111.26
2016,1,18,83,1005.6,17.5,-0.5,1.28488,6406.76
2016,1,19,65.2,1018.3,6.7,0.4,1.29682,362.88
2016,1,20,68.7,1021.4,5.7,1.2,1.29698,223.47
2016,1,21,78.3,1019.9,6.2,5.1,1.27694,283.14
2016,1,22,70.1,1027,11.3,4.2,1.28999,1731.75
2016,1,23,58.6,1033,12.3,1,1.31266,2272.63
2016,1,24,53.3,1033.1,8.2,0.2,1.31663,675.41
2016,1,25,59,1032.9,8.2,-0.5,1.31975,677.01
2016,1,26,70.6,1027.5,7.7,1.4,1.30378,553.78
2016,1,27,75.8,1031.5,6.7,4.1,1.29612,362.69
2016,1,28,75.5,1028.5,8.2,9.5,1.26768,650.3
2016,1,29,77.6,1028.3,3.6,11,1.26075,54.73
2016,1,30,81.3,1028.9,8.7,11.1,1.26105,772.59
2016,1,31,86.1,1023.8,11.3,8.5,1.26637,1700.03
2016,2,1,80.8,1019.3,11.3,12.4,1.2436,1669.47
2016,2,2,82.3,1026.4,4.1,10.6,1.2602,80.81
2016,2,3,74.4,1022.8,18.5,12.1,1.24917,7358.68
2016,2,4,69.1,1015.7,18,15,1.22803,6663.27
2016,2,5,86.7,1011,17.5,7.3,1.25588,6262.17
2016,2,6,66.4,1024.7,13.4,4.5,1.28571,2878.19
2016,2,7,66.7,1029.9,9.3,3.4,1.29737,970.9
2016,2,8,73.8,1026.4,5.7,3.6,1.29204,222.62
2016,2,9,80.9,1024.6,9.3,5.2,1.28237,959.67
2016,2,10,72.9,1014.9,18.5,11.7,1.24126,7312.07
2016,2,11,74.6,1008.4,20.6,14,1.22345,9950.6
2016,2,12,78.8,1012.1,16.5,13.6,1.22965,5139.21
2016,2,13,74.7,1007.4,18.5,15.4,1.21632,7165.11
2016,2,14,77.4,1007.6,15.9,15.6,1.21572,4546.59
2016,2,15,66.3,1014,17.5,17.6,1.21502,6058.42
2016,2,16,61.5,1025.8,8.7,16.7,1.23296,755.39
2016,2,17,78.3,1028,6.7,12.2,1.25509,351.2
2016,2,18,83.2,1021.3,12.9,10.8,1.25306,2502.65
2016,2,19,84.1,1013.4,11.3,9.8,1.24775,1675.04
2016,2,20,78.8,1019.6,13.4,9.2,1.25805,2816.26
2016,2,21,72.5,1018.2,12.3,8.4,1.25988,2181.25
2016,2,22,76.6,1020.5,4.6,7.6,1.26632,114.68
2016,2,23,79.7,1017.5,6.2,10.9,1.24795,276.72
2016,2,24,75.4,1011.5,12.3,13.5,1.22935,2128.39
2016,2,25,85.5,1015.1,10.3,11.5,1.24239,1263.08
2016,2,26,88.6,1013.8,6.2,10.9,1.24342,275.71
2016,2,27,93,1013.3,6.2,10.9,1.24281,275.58
2016,2,28,88.7,1022.2,9.8,11.2,1.2524,1096.69
2016,2,29,88.2,1022.7,7.2,10.7,1.25522,435.89
2016,3,1,83.7,1014.4,14.4,12.4,1.23763,3438.26
2016,3,2,84.3,1008.6,6.7,13.6,1.22541,342.9
2016,3,3,87.5,1003,11.3,12.3,1.22415,1643.36
2016,3,4,76.4,999.5,14.9,13.1,1.21646,3743.85
2016,3,5,74.3,1008.7,6.7,11.3,1.23542,345.7
2016,3,6,72.9,1013.9,12.3,12.7,1.23571,2139.4
2016,3,7,71.8,1011.6,10.8,13.7,1.22861,1439.95
2016,3,8,73.4,1010.1,6.7,14,1.22551,342.93
2016,3,9,77.6,1008.8,10.8,12.9,1.22864,1439.98
2016,3,10,78.5,1003.3,14.4,12.5,1.22365,3399.43
2016,3,11,72.5,1012.5,9.8,13.2,1.23185,1078.69
2016,3,12,79.8,1017.9,12.3,11.6,1.24538,2156.14
2016,3,13,80.3,1013.9,15.9,11.3,1.24179,4644.09
2016,3,14,81.9,1010.6,20.6,8.3,1.25093,10174.08
2016,3,15,65,1018.4,11.3,6.4,1.26913,1703.74
2016,3,16,67.3,1023.2,11.8,7.5,1.27012,1941.56
2016,3,17,60.2,1027.4,9.3,7.7,1.27442,953.72
2016,3,18,71.5,1021.2,8.2,6.2,1.27353,653.3
2016,3,19,81.8,1011.4,5.7,10.1,1.24397,214.34
2016,3,20,75.3,1017.4,8.2,10.5,1.24958,641.01
2016,3,21,77.9,1018.3,9.3,9.8,1.25378,938.28
2016,3,22,69.3,1012.3,15.4,14.9,1.22434,4160.32
2016,3,23,51.9,1004.1,22.6,17.8,1.20231,12912.31
2016,3,24,70.9,997.5,19.5,16,1.20186,8291.25
2016,3,25,84.2,1009.2,13.4,9.4,1.24434,2785.57
2016,3,26,75,1016.6,9.3,7.6,1.26148,944.04
2016,3,27,62.4,1016.3,11.3,8.1,1.25886,1689.95
2016,3,28,67.9,1018.6,5.1,7.7,1.26351,155.94
2016,3,29,75.2,1018.9,7.7,9.1,1.25762,534.18
2016,3,30,78.5,1021.8,6.7,11.4,1.25102,350.07
2016,3,31,77.6,1023,7.7,12.8,1.24637,529.39
2016,4,1,77.7,1019.9,8.2,13.4,1.23999,636.1
2016,4,2,78,1019.5,12.3,14.1,1.23649,2140.76
2016,4,3,70.9,1022.3,16.5,12.2,1.24812,5216.4
2016,4,4,63.4,1017.9,9.8,13.4,1.23754,1083.68
2016,4,5,58.9,1013.4,8.7,14.6,1.22694,751.69
2016,4,6,59,1011.2,5.1,14.7,1.22385,151.04
2016,4,7,71,1011.7,6.7,14.8,1.22404,342.52
2016,4,8,66.5,1007.2,17,17.2,1.20853,5524.17
2016,4,9,75.9,1003.2,9.8,16.9,1.20499,1055.17
2016,4,10,80.3,1003.6,11.8,16.2,1.20839,1847.2
2016,4,11,80.5,1005.9,8.2,15.5,1.21409,622.81
2016,4,12,76,1012.2,6.2,15.5,1.22169,270.89
2016,4,13,77.3,1014.1,6.2,14.9,1.22653,271.97
2016,4,14,70.8,1010,12.3,16.3,1.21566,2104.7
2016,4,15,57.9,1009.8,8.2,19.8,1.2009,616.04
2016,4,16,65.3,1018,6.2,16.1,1.22613,271.88
2016,4,17,65.3,1018.9,7.7,16.3,1.22637,520.9
2016,4,18,67.5,1019.3,5.7,16.7,1.22516,211.1
2016,4,19,62,1015.6,6.7,17.6,1.21693,340.53
2016,4,20,66.3,1010.8,12.3,19.3,1.20416,2084.78
2016,4,21,51.5,1023.9,12.3,15.5,1.23578,2139.52
2016,4,22,49.1,1021.3,8.7,14.9,1.2352,756.76
2016,4,23,63,1011.5,8.2,15.2,1.2221,626.91
2016,4,24,75.3,1002.1,19.5,16.8,1.20408,8306.58
2016,4,25,76.3,1000.2,10.3,17.4,1.19933,1219.3
2016,4,26,72.3,1002.3,20.1,15.1,1.21141,9152.54
2016,4,27,69.4,1014.9,6.2,13.5,1.23347,273.51
2016,4,28,67.3,1017,5.1,14.3,1.23259,152.12
2016,4,29,63.6,1017.1,5.7,15.5,1.22759,211.51
2016,4,30,58.3,1015.9,12.9,17.1,1.21938,2435.4
2016,5,1,62.3,1016.5,14.9,16,1.22474,3769.34
2016,5,2,72,1012.3,12.9,15.7,1.22096,2438.55
2016,5,3,79.4,1005.4,11.3,16.7,1.20847,1622.31
2016,5,4,76.4,1005.3,7.2,14.8,1.21631,422.38
2016,5,5,76.8,1010.8,9.3,13.7,1.22765,918.72
2016,5,6,78.1,1013.7,9.8,14.8,1.22647,1073.98
2016,5,7,73.6,1015.2,6.2,15.3,1.22616,271.88
2016,5,8,64.6,1016,5.1,16.9,1.22035,150.61
2016,5,9,68.1,1018,9.3,18,1.21814,911.61
2016,5,10,67.7,1017.8,10.3,17.6,1.21958,1239.89
2016,5,11,67.2,1014.9,5.1,18.9,1.2107,149.42
2016,5,12,73.3,1008.5,11.8,19.2,1.20184,1837.19
2016,5,13,73.7,1003.3,12.3,21.2,1.18754,2056
2016,5,14,73,1006.9,15.9,21,1.1926,4460.15
2016,5,15,74.8,1009.9,8.2,20.5,1.19819,614.65
2016,5,16,74.8,1012.4,10.8,19.9,1.20361,1410.65
2016,5,17,74.7,1013.3,15.4,17.7,1.21378,4124.42
2016,5,18,58.7,1015,9.3,17.2,1.21788,911.41
2016,5,19,64.9,1016.5,6.7,16.5,1.22263,342.12
2016,5,20,58.4,1014.9,4.6,18.1,1.214,109.94
2016,5,21,74.3,1012.8,10.3,18.4,1.21027,1230.43
2016,5,22,71.4,1013.4,13.4,17.8,1.21348,2716.49
2016,5,23,63,1015.1,6.7,18.1,1.21425,339.78
2016,5,24,65,1010.8,12.3,19.1,1.20498,2086.2
2016,5,25,66,1005.2,12.9,19.7,1.19585,2388.41
2016,5,26,66.9,1008.4,7.2,19.4,1.20089,417.03
2016,5,27,75,1013.8,9.3,18.1,1.21271,907.55
2016,5,28,70.4,1016.2,6.2,19.9,1.20812,267.88
2016,5,29,71.7,1014.5,8.2,19.9,1.2061,618.71
2016,5,30,68.9,1012,10.8,21.4,1.19701,1402.91
2016,5,31,66.8,1010.8,11.3,22.9,1.18954,1596.9
2016,6,1,71.3,1014,6.2,22.2,1.19614,265.23
2016,6,2,74,1010.9,8.7,21.9,1.1937,731.33
2016,6,3,61.5,1007.4,10.8,23,1.18513,1388.99
2016,6,4,62.6,1008.7,6.2,22.3,1.18947,263.75
2016,6,5,60.7,1012.3,8.2,23.5,1.18889,609.88
2016,6,6,58.1,1012.3,6.7,22.3,1.19371,334.03
2016,6,7,68.5,1014.9,15.4,21,1.20207,4084.64
2016,6,8,47.1,1017.5,15.4,20,1.20922,4108.92
2016,6,9,51.8,1015,11.3,19.3,1.20914,1623.2
2016,6,10,52.4,1012.9,10.8,20,1.20376,1410.82
2016,6,11,60.1,1014,6.7,21,1.20099,336.07
2016,6,12,61.2,1013.3,10.8,21.6,1.19772,1403.75
2016,6,13,59.1,1005.8,13.4,24.1,1.17887,2639.02
2016,6,14,69.5,1001.7,16.5,23.1,1.17805,4923.52
2016,6,15,78.9,1005.7,9.8,22.7,1.18437,1037.11
2016,6,16,67.5,1012.9,6.2,24,1.18761,263.34
2016,6,17,58,1016.9,6.2,25.9,1.18472,262.7
2016,6,18,55.7,1014.8,8.2,28,1.17404,602.26
2016,6,19,49.9,1011.5,11.8,28.3,1.16905,1787.06
2016,6,20,65.8,1012.7,13.4,27.1,1.17514,2630.67
2016,6,21,62.8,1015.1,15.4,27.8,1.17519,3993.29
2016,6,22,56.4,1015.3,14.4,29.1,1.17036,3251.38
2016,6,23,61.3,1014.5,17,28.8,1.17061,5350.82
2016,6,24,60,1012.9,16.5,29.1,1.1676,4879.87
2016,6,25,62.1,1010.7,17,27.8,1.17009,5348.45
2016,6,26,68,1009.5,12.3,26.5,1.17378,2032.18
2016,6,27,68.3,1010.2,8.7,26.7,1.17381,719.15
2016,6,28,63.9,1008.2,20.6,25.9,1.1746,9553.3
2016,6,29,68.5,1009.9,8.2,24.7,1.18132,606
2016,6,30,63.8,1013.8,7.7,25.8,1.18152,501.85
2016,7,1,59.1,1014.7,8.7,27.6,1.17549,720.18
2016,7,2,55.9,1013.2,12.3,28.3,1.17103,2027.42
2016,7,3,64.5,1011.1,11.3,27.4,1.17212,1573.5
2016,7,4,65.5,1011.5,13.4,27.4,1.17258,2624.94
2016,7,5,64.6,1013.6,12.3,27,1.17658,2037.03
2016,7,6,54.4,1012.6,11.8,26,1.17931,1802.75
2016,7,7,53.3,1011.5,10.3,26.1,1.17763,1197.25
2016,7,8,55.1,1016,14.4,26.1,1.18288,3286.16
2016,7,9,50.5,1015.5,11.3,25.4,1.18505,1590.87
2016,7,10,49.1,1014.1,10.3,25.9,1.18144,1201.11
2016,7,11,48,1015.3,15.4,26,1.18244,4017.93
2016,7,12,56.3,1013.2,15.9,26,1.18001,4413.06
2016,7,13,62.3,1011.2,12.9,26.6,1.17535,2347.45
2016,7,14,63.8,1008.9,7.2,27.3,1.16995,406.28
2016,7,15,53.5,1007,11.3,28.3,1.16386,1562.41
2016,7,16,67.5,1006.7,8.7,27.1,1.16819,715.7
2016,7,17,64.6,1008.1,7.2,26.6,1.17175,406.91
2016,7,18,55.7,1009.3,11.3,26.4,1.1739,1575.9
2016,7,19,53.4,1011.2,12.9,26.4,1.17611,2348.97
2016,7,20,48.2,1011.7,13.9,25.5,1.18022,2948.95
2016,7,21,52,1013.5,12.3,25,1.1843,2050.41
2016,7,22,44.3,1014.7,9.3,26.4,1.18016,883.18
2016,7,23,43.2,1014.3,11.3,27.1,1.17694,1579.98
2016,7,24,42.7,1012.6,12.9,28.2,1.17069,2338.14
2016,7,25,51,1011.6,13.9,27.9,1.17072,2925.21
2016,7,26,57.5,1010.3,13.9,27.3,1.17156,2927.32
2016,7,27,57.7,1010.9,13.9,27.4,1.17187,2928.09
2016,7,28,56.1,1011.5,13.9,27.7,1.17139,2926.9
2016,7,29,56.3,1009.9,13.4,27.9,1.16876,2616.39
2016,7,30,54.5,1010.4,9.8,27.8,1.16972,1024.29
2016,7,31,55.9,1011.3,13.9,28.3,1.16883,2920.51
2016,8,1,55.8,1010.3,11.8,28.6,1.16652,1783.2
2016,8,2,61,1009.5,10.3,28.2,1.16715,1186.59
2016,8,3,61.2,1009.9,12.3,28.4,1.16684,2020.18
2016,8,4,60,1011.8,13.4,28.1,1.1702,2619.6
2016,8,5,62.2,1011,14.4,28.3,1.1685,3246.23
2016,8,6,60.9,1010.6,14.4,28.9,1.16572,3238.5
2016,8,7,57.6,1011.7,14.9,29.3,1.16544,3586.83
2016,8,8,61.9,1012.2,17,29.2,1.16642,5331.65
2016,8,9,65.3,1009.9,14.4,28.2,1.16763,3243.79
2016,8,10,65.3,1008.6,14.4,28.2,1.16612,3239.62
2016,8,11,61.8,1009.7,11.8,28.8,1.16507,1780.99
2016,8,12,64.4,1011.1,13.9,27.5,1.17173,2927.74
2016,8,13,54.9,1018,13.4,23.1,1.19718,2680.01
2016,8,14,47.1,1019.9,16.5,23.9,1.19618,4999.29
2016,8,15,47.6,1016.9,15.9,24.4,1.19066,4452.87
2016,8,16,58,1013.4,13.4,25.4,1.18262,2647.4
2016,8,17,57.5,1011,11.8,26,1.17745,1799.91
2016,8,18,53,1009.1,12.3,26.5,1.17327,2031.31
2016,8,19,61.3,1009.2,13.9,27,1.17146,2927.07
2016,8,20,63.4,1011.2,13.4,27.4,1.17223,2624.15
2016,8,21,61.3,1012.4,12.3,28,1.17128,2027.86
2016,8,22,60,1011.7,7.7,27.8,1.17124,497.49
2016,8,23,57.3,1012.2,13.4,27.7,1.1722,2624.09
2016,8,24,61.9,1013,12.9,27.1,1.17548,2347.72
2016,8,25,56.5,1013.1,14.9,26.9,1.17637,3620.45
2016,8,26,53.5,1015.9,14.4,25.5,1.18513,3292.41
2016,8,27,56.3,1017.2,14.4,25.1,1.18824,3301.05
2016,8,28,59.7,1016,10.3,25.2,1.18645,1206.21
2016,8,29,63.4,1013.6,8.2,25.4,1.18286,606.79
2016,8,30,60.5,1013.3,7.7,25.4,1.18251,502.27
2016,8,31,59.9,1015.9,12.9,26,1.18317,2363.07
2016,9,1,56.8,1017.9,13.4,25.6,1.18707,2657.37
2016,9,2,57.4,1014.3,14.9,24.1,1.18883,3658.82
2016,9,3,58,1013.1,13.9,24.2,1.18703,2965.97
2016,9,4,54.7,1014.8,13.4,24.5,1.18782,2659.04
2016,9,5,61.6,1014.1,6.7,24.1,1.18861,332.6
2016,9,6,54.5,1012.2,5.1,23.6,1.18836,146.66
2016,9,7,65.9,1015.5,12.3,24.6,1.18826,2057.26
2016,9,8,64.3,1013.8,11.3,25.9,1.18113,1585.6
2016,9,9,64.2,1011.2,13.4,25.7,1.17888,2639.04
2016,9,10,55.5,1011.5,13.4,26.2,1.17725,2635.38
2016,9,11,61.8,1013.1,14.4,25.2,1.18307,3286.69
2016,9,12,60.1,1014.7,14.4,24.6,1.18731,3298.48
2016,9,13,57.4,1013.9,13.4,24.4,1.18717,2657.59
2016,9,14,57.3,1012.5,7.2,23.5,1.18912,412.94
2016,9,15,52.8,1014,10.3,24.1,1.18847,1208.26
2016,9,16,59.1,1017.1,9.8,24.2,1.19172,1043.55
2016,9,17,57.8,1015.8,6.7,22.5,1.19702,334.96
2016,9,18,55.4,1012.1,10.8,23.6,1.18825,1392.64
2016,9,19,72,1007.8,15.4,24.6,1.17927,4007.15
2016,9,20,74.1,1005,11.8,23.9,1.17876,1801.91
2016,9,21,73.7,1011.7,9.3,19.7,1.2036,900.72
2016,9,22,71.1,1015.1,9.8,18.3,1.21343,1062.56
2016,9,23,60.3,1022,9.3,17.4,1.22544,917.07
2016,9,24,52.1,1024.8,11.8,17.9,1.22668,1875.16
2016,9,25,55.8,1019.4,12.3,18.3,1.21855,2109.69
2016,9,26,60.3,1017.2,11.3,18.5,1.21509,1631.19
2016,9,27,61.6,1021.2,13.4,18.4,1.22029,2731.73
2016,9,28,56.8,1026.2,12.3,18.3,1.22668,2123.76
2016,9,29,57.7,1025.2,7.2,19.1,1.22213,424.4
2016,9,30,52.3,1020.9,9.8,19.4,1.21575,1064.59
2016,10,1,59.3,1016.7,8.7,20.7,1.20541,738.51
2016,10,2,62.6,1016.3,8.2,20.9,1.20413,617.7
2016,10,3,67.3,1016,6.2,20.3,1.20624,267.47
2016,10,4,64.1,1013.7,9.3,21.1,1.20023,898.21
2016,10,5,61.4,1012.2,10.8,19.4,1.20541,1412.75
2016,10,6,60.6,1015.7,11.8,18.6,1.21288,1854.07
2016,10,7,68.3,1015.7,15.4,18.4,1.21373,4124.25
2016,10,8,72.4,1011,12.3,20.6,1.19909,2076
2016,10,9,66.2,1019,6.7,18.3,1.21808,340.85
2016,10,10,67.1,1018.6,9.8,17.6,1.22053,1068.78
2016,10,11,68.3,1012.8,5.1,18.9,1.20819,149.11
2016,10,12,76.9,1007.3,15.9,21.4,1.19147,4455.9
2016,10,13,60.8,1014.9,7.7,19.5,1.20821,513.19
2016,10,14,64,1020.6,10.8,16.1,1.22926,1440.71
2016,10,15,62,1023.9,12.9,16.3,1.23238,2461.36
2016,10,16,63.7,1020.3,7.7,16.8,1.22593,520.72
2016,10,17,70.6,1022,18,16.9,1.22756,6660.75
2016,10,18,63.5,1025.9,14.4,13.5,1.24684,3463.84
2016,10,19,59.6,1022,11.3,14.5,1.23778,1661.65
2016,10,20,68,1020.9,9.8,15,1.23431,1080.85
2016,10,21,71.4,1018.2,10.8,17.1,1.22216,1432.39
2016,10,22,74.8,1017.3,6.2,16.2,1.22488,271.6
2016,10,23,73.2,1019.5,9.3,18.5,1.21786,911.4
2016,10,24,70.2,1023.6,13.4,18.2,1.22401,2740.06
2016,10,25,62.3,1026.9,13.4,16,1.23727,2769.75
2016,10,26,64.4,1021.7,11.8,15.3,1.23399,1886.34
2016,10,27,66.4,1021.1,13.4,15,1.23455,2763.67
2016,10,28,71.9,1026.2,16.5,11.7,1.25508,5245.48
2016,10,29,65.9,1026.3,11.3,12,1.25388,1683.26
2016,10,30,68.7,1020.9,8.2,11.5,1.24947,640.96
2016,10,31,46.8,1021.1,11.3,13.1,1.24272,1668.28
2016,11,1,52.2,1023.1,8.2,9.3,1.26189,647.33
2016,11,2,60.1,1023.5,7.2,9.2,1.26284,438.54
2016,11,3,67.3,1018.5,12.9,13,1.24001,2476.59
2016,11,4,78,1020.4,10.8,16,1.22946,1440.95
2016,11,5,85.5,1021.6,3.6,14.9,1.23561,53.64
2016,11,6,82.9,1018,14.4,15.8,1.22742,3409.92
2016,11,7,71.8,1014.5,16.5,19.6,1.20734,5045.94
2016,11,8,62,1012.4,22.6,21.5,1.19707,12855.98
2016,11,9,57.4,1008.2,27.3,21.5,1.19209,22566.24
2016,11,10,74.8,1010,12.9,16.8,1.21358,2423.8
2016,11,11,74.3,1017,8.7,17.7,1.21821,746.35
2016,11,12,70.9,1019.1,19,16.2,1.22704,7830.34
2016,11,13,62.2,1015.4,14.9,17.6,1.21669,3744.56
2016,11,14,61.8,1023.9,12.9,11.1,1.2549,2506.34
2016,11,15,64.6,1028.4,13.9,9.1,1.26934,3171.64
2016,11,16,56,1027.4,10.3,6.9,1.27805,1299.34
2016,11,17,64,1024.8,7.2,6.1,1.27847,443.97
2016,11,18,59.9,1025.4,6.7,8.1,1.27013,355.41
2016,11,19,60.3,1024.7,9.3,9.3,1.26388,945.83
2016,11,20,72.5,1022.6,11.8,10.1,1.25774,1922.64
2016,11,21,73.3,1023.7,10.8,12.8,1.24722,1461.75
2016,11,22,72.7,1025,12.3,12.7,1.24924,2162.82
2016,11,23,70.1,1026.5,9.3,12.1,1.25369,938.21
2016,11,24,74,1025.4,8.2,12.4,1.25104,641.76
2016,11,25,78.5,1022.7,4.6,9.1,1.26232,114.32
2016,11,26,77,1021.1,4.6,10,1.25634,113.77
2016,11,27,81.9,1017.1,11.3,11.4,1.24527,1671.71
2016,11,28,91.2,1010.2,17.5,14.1,1.22523,6109.31
2016,11,29,87.3,1012.9,18,7.4,1.2578,6824.79
2016,11,30,71,1020.5,17.5,3.8,1.28368,6400.77
2016,12,1,56.8,1021,7.2,2.7,1.28942,447.77
2016,12,2,73.2,1013.7,14.4,5.4,1.26781,3522.11
2016,12,3,54.5,1019.4,8.7,9.7,1.25556,769.23
2016,12,4,61.5,1027.4,8.2,6.6,1.27943,656.32
2016,12,5,59.3,1031.3,12.3,7.5,1.28017,2216.37
2016,12,6,72.3,1029.1,5.1,5.5,1.28661,158.79
2016,12,7,73.3,1030.1,13.4,6.3,1.28417,2874.75
2016,12,8,62.5,1038.5,7.7,4.9,1.30115,552.66
2016,12,9,77.8,1030.5,7.7,4.9,1.29114,548.41
2016,12,10,80.2,1024.5,5.1,8.7,1.26633,156.29
2016,12,11,82.7,1020.9,5.7,8.3,1.26368,217.73
2016,12,12,73,1012.1,9.8,13,1.23222,1079.02
2016,12,13,77.1,1017.7,15.4,6.3,1.26872,4311.11
2016,12,14,57.6,1030.3,7.2,0.9,1.30971,454.81
2016,12,15,72.7,1023.8,8.2,3.2,1.29063,662.07
2016,12,16,65.9,1029.7,10.8,3.8,1.29525,1518.05
2016,12,17,66.3,1037.2,7.7,1.5,1.3156,558.8
2016,12,18,72.4,1033.3,6.7,1.9,1.30876,366.22
2016,12,19,73.8,1032.2,6.7,2.7,1.30357,364.77
2016,12,20,65.6,1029.5,10.3,3.3,1.29734,1318.94
2016,12,21,66.1,1028.8,13.9,4.5,1.29086,3225.4
2016,12,22,59.8,1028,13.9,3.8,1.29311,3231.03
2016,12,23,69.7,1025.6,13.9,5.3,1.28315,3206.15
2016,12,24,77,1026.1,9.3,5,1.28516,961.76
2016,12,25,74.7,1022.5,5.7,5.8,1.27698,220.02
2016,12,26,73,1022.9,7.7,4.8,1.28207,544.56
2016,12,27,74.7,1024.4,5.1,4,1.28766,158.92
2016,12,28,57.5,1020.4,12.3,6.7,1.27025,2199.21
2016,12,29,64.5,1016.6,20.6,3.9,1.27831,10396.79
2016,12,30,61,1026.4,14.9,2.1,1.29907,3998.08
2016,12,31,87,1025.6,9.8,0.6,1.30518,1142.9
2017,2,3,80.1,1024.4,9.3,9.7,1.26174,944.23
2017,2,4,82.3,1019.1,11.3,10.8,1.25036,1678.53
2017,2,5,78.5,1013.6,11.3,12,1.23838,1662.45
2017,2,6,76.9,1013,17,13,1.23332,5637.48
2017,2,7,66,1012,20.1,13.9,1.22823,9279.63
2017,2,8,76.8,1013.7,9.8,10.9,1.24329,1088.71
2017,2,9,80.8,1021.9,11.3,6.4,1.2735,1709.61
2017,2,10,77.4,1025.2,10.8,5.3,1.28266,1503.29
2017,2,11,72.3,1025.5,13.4,4.5,1.28672,2880.45
2017,2,12,70,1030,13.9,3.1,1.29891,3245.53
2017,2,13,68.5,1031.3,13.4,2.3,1.30432,2919.85
2017,2,14,62.2,1031.4,10.8,2.3,1.30445,1528.83
2017,2,15,60.3,1029.7,8.7,3.4,1.29712,794.69
2017,2,16,60,1033.1,9.8,4.5,1.29625,1135.08
2017,2,17,65.6,1029,5.1,4,1.29344,159.63
2017,2,18,73.5,1023,10.8,5.7,1.27807,1497.91
2017,2,19,74.7,1022.5,14.4,11.7,1.25056,3474.19
2017,2,20,79.5,1019.2,14.9,10.9,1.25004,3847.18
2017,2,21,79.5,1018.1,6.2,6.8,1.26695,280.93
2017,2,22,86.2,1016.8,6.7,9,1.25549,351.32
2017,2,23,78.8,1016.8,12.3,11.3,1.24534,2156.08
2017,2,24,73,1015.5,18.5,13,1.23636,7283.2
2017,2,25,72.3,1017.2,18.5,13.6,1.23584,7280.14
2017,2,26,84.8,1023.2,10.3,9.6,1.26071,1281.7
2017,2,27,86.3,1019.8,5.1,8.5,1.26142,155.68
2017,2,28,90.7,1016,6.7,8.3,1.25762,351.91
2017,3,1,88.5,1012.4,9.3,9.7,1.24697,933.18
2017,3,2,81.6,1009.6,13.9,10.7,1.23914,3096.17
2017,3,3,82.5,1017.7,8.2,9.6,1.25393,643.25
2017,3,4,73.4,1021.5,9.8,10.3,1.2555,1099.4
2017,3,5,74,1020,5.1,9.6,1.25676,155.1
2017,3,6,76.7,1014,13.9,11.8,1.23973,3097.66
2017,3,7,73.1,1009.3,11.3,13.7,1.22582,1645.6
2017,3,8,84,1007.8,6.2,11.5,1.23346,273.5
2017,3,9,84.6,1010.7,10.8,10.4,1.2418,1455.41
2017,3,10,85,1006.4,11.3,9.7,1.23957,1664.06
2017,3,11,82.5,1003.9,11.8,9.5,1.23737,1891.5
2017,3,12,80.5,1008.2,9.3,8.8,1.24575,932.27
2017,3,13,81.8,1013.5,6.2,8.1,1.25541,278.37
2017,3,14,80.9,1020.8,6.7,6.9,1.26986,355.34
2017,3,15,75,1022.6,5.7,8.6,1.26443,217.86
2017,3,16,73.9,1019,6.7,9.1,1.25775,351.95
2017,3,17,73,1015.7,9.8,8.2,1.25768,1101.31
2017,3,18,69,1017.3,7.7,7,1.26505,537.33
2017,3,19,75.2,1009.5,8.2,11.2,1.23683,634.47
2017,3,20,76.3,1012,7.2,11.9,1.23685,429.51
2017,3,21,75.3,1013.2,4.6,13.6,1.23099,111.48
2017,3,22,62.8,1013.7,14.9,13.7,1.23115,3789.06
2017,3,23,63.2,1017.4,12.9,11.5,1.24518,2486.93
2017,3,24,67.5,1020.8,10.8,11.4,1.24979,1464.77
2017,3,25,67.6,1018.9,8.2,11.7,1.24615,639.25
2017,3,26,70.8,1013.2,13.4,12.3,1.23658,2768.2
2017,3,27,71.6,1018.7,11.8,9.6,1.25515,1918.69
2017,3,28,60.8,1021.3,13.4,9.7,1.2579,2815.93
2017,3,29,54.7,1018.7,13.4,12.6,1.24197,2780.27
2017,3,30,52.7,1016.5,12.9,13.6,1.23497,2466.53
2017,3,31,58.6,1020.9,13.4,13.4,1.24119,2778.51
2017,4,1,57.6,1021.3,14.4,10.2,1.25568,3488.42
2017,4,2,65.4,1020.3,13.4,9.6,1.25712,2814.18
2017,4,3,70.8,1019.5,6.2,11.5,1.24776,276.67
2017,4,4,73.7,1018.6,4.6,12.9,1.24057,112.35
2017,4,5,74.9,1017,7.7,13.6,1.2356,524.82
2017,4,6,82.5,1010.8,7.7,12.2,1.2341,524.18
2017,4,7,79,1012.1,8.7,11,1.24089,760.24
2017,4,8,74.1,1014.9,6.7,10.4,1.24695,348.93
2017,4,9,67,1022.1,5.7,11.7,1.25006,215.39
2017,4,10,58.4,1023.4,7.2,12.6,1.24771,433.28
2017,4,11,52.9,1018.1,8.7,12.7,1.2408,760.19
2017,4,12,51.8,1014.5,10.3,13,1.23512,1255.69
2017,4,13,55.5,1011.2,10.3,13.3,1.22982,1250.3
2017,4,14,57,1010.4,6.7,15.1,1.22118,341.72
2017,4,15,67,1014.3,5.1,15.9,1.22252,150.88
2017,4,16,75.3,1012.1,10.3,14.6,1.22538,1245.79
2017,4,17,76.1,1008.2,13.9,16,1.21476,3035.26
2017,4,18,75.3,1012.5,8.2,10.8,1.24225,637.25
2017,4,19,65,1014.4,13.9,12.9,1.23544,3086.95
2017,4,20,68.4,1009.4,17.5,16,1.2162,6064.28
2017,4,21,57.5,1017.1,9.3,11.1,1.24656,932.88
2017,4,22,57.1,1019.2,11.8,10.9,1.25001,1910.83
2017,4,23,67.7,1014.1,8.7,12,1.23898,759.07
2017,4,24,55.1,1021,8.7,13.5,1.24087,760.23
2017,4,25,45.6,1022.5,7.2,13.8,1.24138,431.09
2017,4,26,51.8,1019.5,4.6,14.4,1.23517,111.86
2017,4,27,59.8,1017.4,4.6,16,1.22582,111.01
2017,4,28,68.2,1015.4,6.2,15.3,1.22639,271.93
2017,4,29,62.3,1012.8,4.6,16.6,1.21776,110.28
2017,4,30,59.9,1010,11.3,18.1,1.20814,1621.87
2017,5,1,53.8,1010.8,12.9,18,1.20951,2415.68
2017,5,2,59.9,1013.5,12.9,17.8,1.21358,2423.81
2017,5,3,64.8,1014.2,13.4,18.3,1.21234,2713.95
2017,5,4,57.8,1013.5,8.7,19.7,1.20571,738.69
2017,5,5,67.5,1013.1,8.2,18,1.21228,621.88
2017,5,6,66.6,1011,8.2,18.1,1.20935,620.38
2017,5,7,66.3,1009.3,9.8,17.1,1.21147,1060.85
2017,5,8,75.5,1004.9,11.3,18.2,1.20166,1613.16
2017,5,9,71.8,1003.4,11.3,18.4,1.19904,1609.64
2017,5,10,72,1008.6,10.8,18.3,1.20566,1413.05
2017,5,11,67.3,1015.7,5.7,17.8,1.21622,209.56
2017,5,12,65,1015.2,6.2,17.9,1.21521,269.45
2017,5,13,65.3,1010.1,11.3,20.5,1.19841,1608.81
2017,5,14,60.4,1012.1,10.3,22.5,1.19267,1212.53
2017,5,15,65.8,1019,10.3,20.2,1.21021,1230.36
2017,5,16,61.9,1020.6,12.3,18.8,1.2179,2108.58
2017,5,17,74.5,1014.7,12.3,16.9,1.2188,2110.13
2017,5,18,69,1013.5,13.4,17.7,1.21401,2717.68
2017,5,19,56.1,1014.3,13.4,16.6,1.21956,2730.09
2017,5,20,61.4,1014.1,7.2,16.2,1.22101,424.01
2017,5,21,59.5,1008.8,13.9,18.7,1.20423,3008.96
2017,5,22,62.3,1010.9,6.7,17.7,1.21089,338.84
2017,5,23,57.1,1014.8,8.2,19.4,1.2085,619.94
2017,5,24,55.1,1016.1,7.2,19.1,1.21128,420.63
2017,5,25,63.3,1013.1,4.6,19.1,1.20772,109.37
2017,5,26,78.5,1011.1,10.3,18.3,1.20866,1228.79
2017,5,27,77.4,1011.4,8.2,18.4,1.2086,619.99
2017,5,28,69.9,1015.3,12.3,18.6,1.21242,2099.09
2017,5,29,62.1,1015.7,12.9,20.3,1.20587,2408.42
2017,5,30,62.9,1014.9,5.1,21.4,1.20043,148.15
2017,5,31,73.1,1017,8.2,21,1.20457,617.92
2017,6,1,72,1016.4,6.7,21.4,1.20222,336.41
2017,6,2,67.3,1015.6,4.1,23.1,1.19439,76.59
2017,6,3,70.8,1012.5,9.3,25,1.18318,885.44
2017,6,4,73.8,1012.4,9.3,22.4,1.19345,893.13
2017,6,5,73.2,1012.4,9.3,22.1,1.19466,894.04
2017,6,6,73.6,1012.2,8.7,22,1.19483,732.02
2017,6,7,73,1012.3,5.1,23.2,1.19012,146.88
2017,6,8,74.2,1011.2,9.3,23.5,1.18763,888.77
2017,6,9,63.3,1012.4,7.2,22.7,1.19222,414.02
2017,6,10,63.6,1015,6.2,22.1,1.19771,265.58
2017,6,11,59,1013.4,11.3,23.5,1.19018,1597.75
2017,6,12,56.4,1013,12.3,23.8,1.1885,2057.68
2017,6,13,54.3,1011.4,10.8,23.6,1.18742,1391.67
2017,6,14,69.6,1010.3,7.7,22.1,1.19218,506.38
2017,6,15,65.2,1012.5,8.2,25.3,1.18198,606.34
2017,6,16,60.6,1014.2,10.8,24.5,1.18713,1391.33
2017,6,17,51.4,1010.6,9.3,22.8,1.18968,890.31
2017,6,18,61.2,1009.3,9.3,20.9,1.19583,894.91
2017,6,19,67.9,1012.4,9.3,19.4,1.20566,902.26
2017,6,20,71.5,1015.2,11.8,20.5,1.20448,1841.22
2017,6,21,62.9,1013.2,8.2,23,1.19196,611.45
2017,6,22,64.6,1013.6,4.6,23.7,1.18963,107.73
2017,6,23,71.1,1014.5,5.1,24.6,1.18711,146.51
2017,6,24,55.7,1012.2,7.2,26.6,1.17649,408.55
2017,6,25,54.7,1012.6,12.3,28.5,1.16956,2024.88
2017,6,26,53,1010.4,11.3,27.3,1.17166,1572.89
2017,6,27,52.5,1010.1,5.7,27.4,1.17093,201.75
2017,6,28,57.8,1009.3,5.1,27.9,1.16807,144.16
2017,6,29,67.4,1009.5,7.2,26.5,1.17377,407.61
2017,6,30,62.7,1010.1,5.7,27.8,1.1694,201.49
2017,7,1,51.3,1009.7,9.3,31,1.15664,865.58
2017,7,2,53.6,1005.2,9.3,30.1,1.1549,864.28
2017,7,3,68.8,1001.8,11.3,28,1.15904,1555.95
2017,7,4,54.5,1011.7,12.3,24.5,1.18419,2050.21
2017,7,5,49.8,1015.8,14.9,24.8,1.18778,3655.58
2017,7,6,53.3,1015.1,13.9,24.9,1.18657,2964.83
2017,7,7,50.3,1015,10.3,25.9,1.18249,1202.18
2017,7,8,48.2,1014,10.3,25.4,1.18329,1203
2017,7,9,47.6,1012.4,6.7,27.2,1.17436,328.61
2017,7,10,51.8,1013.5,13.9,28.4,1.17098,2925.86
2017,7,11,54.3,1014.6,10.8,27.4,1.17615,1378.46
2017,7,12,51.4,1011.6,7.7,27.8,1.17111,497.43
2017,7,13,48,1007,9.8,29.8,1.15809,1014.1
2017,7,14,54.6,1007.7,13.9,29.2,1.16121,2901.46
2017,7,15,63.1,1008.2,14.4,25.9,1.1746,3263.16
2017,7,16,58.1,1009.1,14.4,25.4,1.1776,3271.5
2017,7,17,66.7,1008.5,15.4,25,1.1785,4004.53
2017,7,18,76.4,1014.3,12.9,20.8,1.20219,2401.06
2017,7,19,58.9,1015.5,12.3,23.8,1.19144,2062.77
2017,7,20,52.9,1012.1,13.4,25.7,1.17991,2641.33
2017,7,21,53.8,1011,14.4,26.3,1.17627,3267.8
2017,7,22,56.3,1013,13.4,26.8,1.17664,2634.02
2017,7,23,46,1013.1,10.3,28,1.17205,1191.57
2017,7,24,47.1,1008.7,10.8,29.3,1.16196,1361.83
2017,7,25,54.1,1003.4,11.3,27.6,1.16239,1560.45
2017,7,26,64.2,1002,9.8,26.8,1.16389,1019.18
2017,7,27,64.9,1002.4,13.4,25,1.17136,2622.21
2017,7,28,76.5,1007.9,9.3,22.8,1.18655,887.97
2017,7,29,57.4,1014,6.7,25.1,1.1845,331.45
2017,7,30,49.2,1014.9,10.3,27.5,1.17609,1195.68
2017,7,31,53.5,1014.1,14.9,27,1.17713,3622.79
2017,8,1,57.1,1015.1,15.4,26.6,1.17987,4009.19
2017,8,2,57,1014.4,14.4,27.3,1.17631,3267.92
2017,8,3,52.7,1012.5,11.8,28.7,1.16866,1786.47
2017,8,4,48.5,1010.1,10.8,29.8,1.16166,1361.48
2017,8,5,49.7,1009.2,11.3,30.5,1.15796,1554.49
2017,8,6,50.5,1008.7,11.3,31.2,1.15473,1550.16
2017,8,7,56,1008.6,10.3,31.9,1.15199,1171.18
2017,8,8,58.3,1011.9,12.3,29.9,1.16337,2014.17
2017,8,9,60.6,1013.6,15.4,28.1,1.17228,3983.41
2017,8,10,60.4,1012.7,14.4,27.4,1.17396,3261.38
2017,8,11,57,1010.4,11.8,27.8,1.16973,1788.11
2017,8,12,51,1008.7,10.3,28.8,1.16389,1183.27
2017,8,13,40.3,1004.1,8.2,27.4,1.16394,597.08
2017,8,14,51.2,1010.4,10.8,26.2,1.17596,1378.24
2017,8,15,49.8,1013.6,9.3,26.3,1.17928,882.53
2017,8,16,52.3,1010.9,13.4,26.1,1.17693,2634.68
2017,8,17,48.9,1009.8,10.8,27.6,1.16979,1371.01
2017,8,18,47.3,1011.9,11.8,27.6,1.17222,1791.91
2017,8,19,50.2,1012.6,10.3,27.5,1.17343,1192.97
2017,8,20,57.6,1011.3,10.8,26.7,1.17506,1377.19
2017,8,21,59.6,1008.2,7.7,26.7,1.17146,497.58
2017,8,22,68.8,1011.5,9.8,22.3,1.19278,1044.48
2017,8,23,58.5,1014.6,8.2,22.5,1.19561,613.33
2017,8,24,46.9,1016.5,10.8,23.4,1.1942,1399.61
2017,8,25,45.3,1018.3,15.4,24.6,1.19149,4048.69
2017,8,26,52.3,1017,14.9,23.9,1.19279,3670.99
2017,8,27,53.3,1013,12.3,24.4,1.18611,2053.52
2017,8,28,56.3,1009.6,11.3,25.2,1.17897,1582.7
2017,8,29,60,1009.5,12.9,25.2,1.17886,2354.47
2017,8,30,52.9,1014.4,12.3,22.6,1.19496,2068.86
2017,8,31,52.6,1016,13.4,22.3,1.19806,2681.97
2017,9,1,49.5,1014,10.3,22.1,1.1965,1216.43
2017,9,2,45.9,1011.3,8.7,23.1,1.18929,728.63
2017,9,3,48.1,1008.4,6.7,22.8,1.18708,332.17
2017,9,4,52.5,1009.1,7.2,25.2,1.17838,409.21
2017,9,5,52,1014.5,12.3,23.8,1.19025,2060.71
2017,9,6,40.2,1014.7,6.2,22.5,1.19569,265.13
2017,9,7,44.8,1015,5.7,21.6,1.1997,206.71
2017,9,8,50.4,1012.9,4.1,22.3,1.1944,76.59
2017,9,9,51.1,1012.6,6.7,22.4,1.19364,334.01
2017,9,10,57.8,1010.8,9.3,22.9,1.18953,890.19
2017,9,11,68.5,1010.6,6.7,22.8,1.18971,332.91
2017,9,12,69.5,1007.4,12.3,24.8,1.17801,2039.5
2017,9,13,67.9,1013.2,8.7,23.3,1.19076,729.53
2017,9,14,59.2,1013.6,12.9,24.5,1.18642,2369.57
2017,9,15,46.9,1010.9,10.8,24.2,1.18443,1388.16
2017,9,16,61.4,1011.6,12.3,24.8,1.1829,2047.97
2017,9,17,67,1012.5,8.7,25.2,1.18238,724.4
2017,9,18,48.3,1010.4,5.1,24.9,1.18107,145.76
2017,9,19,63.1,1008.7,8.2,24.4,1.18109,605.88
2017,9,20,60,1007.3,13.9,23.8,1.18183,2952.97
2017,9,21,61.9,1008.3,10.8,24.3,1.18102,1384.17
2017,9,22,60.4,1013.3,7.2,19.6,1.20589,418.76
2017,9,23,50,1018.2,6.2,19,1.21419,269.23
2017,9,24,49.9,1019.1,9.3,18.7,1.21651,910.39
2017,9,25,61.9,1015,11.8,21.4,1.20055,1835.21
2017,9,26,66.8,1013.7,6.7,22.1,1.19618,334.72
2017,9,27,75,1018.4,10.8,19.1,1.21405,1422.89
2017,9,28,69.1,1021.6,15.4,18.2,1.22162,4151.05
2017,9,29,63.8,1019.6,14.9,17.6,1.22173,3760.06
2017,9,30,77.7,1017.5,9.3,14.1,1.23406,923.52
2017,10,1,82.8,1019.7,8.7,13.4,1.23976,759.55
2017,10,2,71.6,1023.1,9.8,15.5,1.23484,1081.31
2017,10,3,59.4,1022.7,11.3,16.6,1.22966,1650.75
2017,10,4,58.3,1022.5,7.7,16.4,1.23027,522.56
2017,10,5,67.1,1019.6,5.7,16.3,1.22721,211.45
2017,10,6,68.5,1010,10.3,17.4,1.21106,1231.23
2017,10,7,70.4,1005.3,15.4,20.3,1.19354,4055.65
2017,10,8,65.1,1009.1,9.3,14.4,1.22259,914.93
2017,10,9,61.8,1015.7,5.7,13.9,1.23272,212.4
2017,10,10,61.3,1019.4,5.7,15.3,1.23121,212.14
2017,10,11,60.5,1021.4,7.2,15.8,1.23149,427.65
2017,10,12,65.7,1022.4,8.7,16.3,1.23058,753.93
2017,10,13,59.4,1021.3,8.7,16.2,1.22967,753.37
2017,10,14,62.9,1021.2,9.8,16.4,1.22871,1075.94
2017,10,15,64,1025.5,9.3,16.2,1.23473,924.02
2017,10,16,58,1025.6,11.3,17.2,1.2306,1652.01
2017,10,17,57.3,1025.3,12.3,18.3,1.2256,2121.9
2017,10,18,62,1019.9,10.8,18.4,1.21874,1428.37
2017,10,19,69.9,1017.1,4.6,17.2,1.22042,110.52
2017,10,20,74.2,1017.4,4.1,16.1,1.22542,78.58
2017,10,21,71.9,1016.6,4.6,16.6,1.22234,110.69
2017,10,22,72.7,1014,4.6,16,1.22174,110.64
2017,10,23,64.8,1008.2,15.4,18.1,1.206,4097.99
2017,10,24,75.9,1001.9,12.9,17.6,1.20054,2397.76
2017,10,25,81.8,1012.7,9.8,13.5,1.23082,1077.79
2017,10,26,78.6,1024,7.7,11.5,1.25328,532.33
2017,10,27,70.9,1016.7,5.1,15.7,1.22627,151.34
2017,10,28,83.5,1008.3,13.4,11.7,1.2332,2760.64
2017,10,29,77.2,1008.9,12.3,11.6,1.23436,2137.07
2017,10,30,57.6,1008.2,7.2,15.8,1.21558,422.12
2017,10,31,41.1,1020.7,9.3,10.8,1.25228,937.15
2017,11,1,55.3,1024.2,8.7,8.3,1.26774,776.69
2017,11,2,62.4,1022.3,5.1,8.1,1.26629,156.28
2017,11,3,71.9,1016.7,5.7,9.3,1.25402,216.07
2017,11,4,73.1,1016.6,9.8,12.5,1.23986,1085.71
2017,11,5,68.9,1019.2,9.8,12.7,1.24216,1087.72
2017,11,6,76.5,1018.1,5.1,11.7,1.24518,153.68
2017,11,7,73.8,1021.3,5.1,12.6,1.24516,153.67
2017,11,8,77,1020.9,4.6,13.4,1.24121,112.4
2017,11,9,74.1,1019.2,4.6,14.4,1.23483,111.83
2017,11,10,81.7,1020.3,6.2,12.4,1.24482,276.02
2017,11,11,77,1018.2,7.2,12,1.244,431.99
2017,11,12,63.4,1014.9,12.3,17.4,1.21693,2106.89
2017,11,13,66.3,1009.4,12.9,18.2,1.20702,2410.72
2017,11,14,74.7,1010.6,6.2,16.3,1.21639,269.72
2017,11,15,76.6,1018.7,10.3,14.9,1.23209,1252.61
2017,11,16,74.5,1020.2,9.8,15.4,1.23177,1078.62
2017,11,17,73.4,1016.8,7.7,14.5,1.2315,523.08
2017,11,18,90,1013.3,3.6,13.5,1.23155,53.46
2017,11,19,91.1,1009.4,7.7,13.7,1.22596,520.73
2017,11,20,90.8,1007.9,11.8,10,1.24011,1895.69
2017,11,21,68.6,1018,5.7,6.9,1.26637,218.2
2017,11,22,67.9,1019.3,9.3,9.7,1.25545,939.52
2017,11,23,75.7,1019.5,4.1,11.9,1.24602,79.9
2017,11,24,83.4,1020.8,3.6,10.9,1.252,54.35
2017,11,25,80.5,1020.7,3.6,11,1.25144,54.32
2017,11,26,82.7,1018.2,7.2,11.5,1.24618,432.75
2017,11,27,79,1011.5,11.3,14.8,1.22381,1642.9
2017,11,28,75.4,1010,9.3,12.1,1.23354,923.13
2017,11,29,77,1015.8,10.3,10.3,1.2485,1269.29
2017,11,30,70.5,1015.8,18.5,14.4,1.23071,7249.91
2017,12,1,68,1013.9,21.1,17.6,1.2149,10618.2
2017,12,2,64,1014,20.1,18.2,1.21252,9160.91
2017,12,3,66.2,1017.2,16.5,18.5,1.2151,5078.38
2017,12,4,75.4,1018.3,14.4,16.3,1.22566,3405.01
2017,12,5,66.4,1021.1,9.3,8.9,1.26122,943.85
2017,12,6,54.8,1027.1,9.3,6.4,1.27996,957.87
2017,12,7,68.8,1026.4,5.1,7.8,1.27273,157.08
2017,12,8,69.3,1024,13.9,10.6,1.25724,3141.4
2017,12,9,67.7,1016.5,17,14,1.23327,5637.23
2017,12,10,62,1012.3,26.2,14,1.22817,20550.5
2017,12,11,66.2,1020.7,13.4,10.7,1.25274,2804.39
2017,12,12,73.1,1021.1,10.8,15.2,1.23371,1445.92
2017,12,13,74.9,1019.1,8.7,15.4,1.23044,753.84
2017,12,14,75.6,1014.1,10.8,15.3,1.22483,1435.52
2017,12,15,76.5,1013.5,13.4,15.1,1.22495,2742.18
2017,12,16,70.7,1011.2,20.1,16.2,1.21753,9198.74
2017,12,17,75.2,1007.8,16.5,16.1,1.21386,5073.19
2017,12,18,81,1014.4,8.2,9.5,1.25031,641.39
2017,12,19,83.6,1020.4,7.7,6.3,1.27209,540.32
2017,12,20,75.5,1028,9.3,5.4,1.2857,962.16
2017,12,21,74.9,1028.3,10.3,5.2,1.28699,1308.43
2017,12,22,76.8,1024,16.5,3.6,1.28902,5387.31
2017,12,23,79.1,1018.5,12.3,3.5,1.28256,2220.52
2017,12,24,69.5,1021.6,3.1,3.5,1.28646,35.66
2017,12,25,79.9,1025.7,4.1,6.2,1.27915,82.02
2017,12,26,81.5,1023.6,8.2,7.8,1.26927,651.11
2017,12,27,75.1,1016.6,10.3,13.2,1.23684,1257.44
2017,12,28,74.2,1009.5,15.9,13.9,1.22521,4582.09
2017,12,29,77.8,1006.4,15.9,13.7,1.2223,4571.21
2017,12,30,88,1008.9,8.7,9.6,1.24309,761.59
2017,12,31,76.7,1017.9,5.7,6.9,1.26625,218.18
2018,1,1,83,1018.1,6.2,6.8,1.26696,280.93
2018,1,2,75.3,1010.1,9.3,9.8,1.24368,930.72
2018,1,3,87,1007.4,7.7,9.6,1.24125,527.22
2018,1,4,91.5,1005.3,8.2,6.6,1.25193,642.22
2018,1,5,79.6,1012,4.1,7.5,1.25623,80.55
2018,1,6,76.8,1019.7,3.6,6.5,1.2703,55.14
2018,1,7,77.8,1025,8.2,8.2,1.2692,651.08
2018,1,8,87.5,1029.9,3.6,11.5,1.26051,54.72
2018,1,9,88.5,1029.9,8.2,11.3,1.26139,647.07
2018,1,10,79.8,1023.5,7.2,10.5,1.25708,436.54
2018,1,11,84.3,1012.1,5.7,9.4,1.24791,215.02
2018,1,12,88.4,1015.1,8.7,9.9,1.24941,765.46
2018,1,13,83.3,1018.1,16.5,8.7,1.25843,5259.45
2018,1,14,76.6,1022.4,14.9,4.9,1.28099,3942.45
2018,1,15,73.3,1028,6.2,5,1.28754,285.49
2018,1,16,77.2,1019.3,9.3,9.7,1.25545,939.53
2018,1,17,79.1,1007.2,17,12,1.23056,5624.84
2018,1,18,69.6,1000.5,16.5,9.6,1.23273,5152.05
2018,1,19,72.3,1014.8,10.3,5.6,1.26827,1289.4
2018,1,20,61.4,1013.5,18.5,11.3,1.24128,7312.17
2018,1,21,78,1008.8,14.4,13.7,1.22522,3403.78
2018,1,22,84.4,1001.5,14.4,8.3,1.23967,3443.93
2018,1,23,68.7,1016.9,12.9,4.6,1.27547,2547.42
2018,1,24,61.5,1028,14.4,2.8,1.29779,3605.4
2018,1,25,63.5,1029.8,13.4,2.8,1.30007,2910.32
2018,1,26,56.4,1026.5,11.8,4.3,1.28889,1970.26
2018,1,27,63.5,1029.9,10.8,4.3,1.29317,1515.61
2018,1,28,68.9,1031.8,10.3,6.3,1.28629,1307.71
2018,1,29,76.4,1029.4,4.1,5.5,1.28699,82.53
2018,1,30,78.8,1024.5,5.1,7.4,1.27219,157.01
2018,1,31,79.8,1023.8,7.2,8.7,1.26547,439.45
2018,5,1,64.1,1012,8.2,17.8,1.21179,621.63
2018,5,2,73,1011.4,10.3,17.5,1.21233,1232.52
2018,5,3,72.2,1009.2,10.3,18.9,1.20391,1223.96
2018,5,4,74,1008.7,10.3,18.5,1.20496,1225.03
2018,5,5,77.4,1008.4,12.9,17.7,1.20791,2412.5
2018,5,6,88.7,1008.3,7.2,16.5,1.21281,421.16
2018,5,7,88.6,1008.5,7.2,17.6,1.20847,419.66
2018,5,8,83.5,1006.4,6.2,18.1,1.20388,266.94
2018,5,9,79.9,1004.9,7.7,18.7,1.19961,509.53
2018,5,10,75.3,1005.5,6.2,19.3,1.19786,265.61
2018,5,11,76.4,1009.3,12.3,18.7,1.20486,2085.99
2018,5,12,63,1012.8,11.3,18.4,1.21025,1624.7
2018,5,13,53.5,1012.6,7.2,16.7,1.21709,422.65
2018,5,14,64.5,1012.8,6.7,16.8,1.21693,340.53
2018,5,15,71.6,1015,8.2,19.2,1.20958,620.5
2018,5,16,69.7,1013.9,8.2,20.6,1.20252,616.87
2018,5,17,66.5,1013.8,6.2,21,1.20076,266.25
2018,5,18,68.4,1013.5,6.2,21.4,1.19879,265.81
2018,5,19,63.4,1011.4,7.2,22.5,1.19185,413.89
2018,5,20,64.5,1012.6,11.8,22.1,1.19488,1826.55
2018,5,21,66.3,1014.2,14.9,21.2,1.20042,3694.49
2018,5,22,66.2,1014.7,12.3,20.8,1.20265,2082.16
2018,5,23,70.6,1017.1,8.2,20.6,1.20632,618.82
2018,5,24,68.6,1011.7,11.8,21.6,1.19585,1828.03
2018,5,25,78.5,1010.3,7.2,18.8,1.20564,418.67
2018,5,26,75.3,1012.4,13.4,20.5,1.20116,2688.91
2018,5,27,73.3,1015.1,11.3,20.9,1.20272,1614.59
2018,5,28,63.1,1016.4,11.3,21,1.20384,1616.09
2018,5,29,56.7,1015.2,10.3,20.8,1.20322,1223.26
2018,5,30,60.2,1013.4,10.8,21.9,1.19662,1402.46
2018,5,31,55,1013.5,10.3,21.1,1.19998,1219.96
2018,6,1,47.2,1012.9,8.7,21.9,1.19601,732.75
2018,6,2,59.1,1014.5,12.9,22.7,1.19469,2386.08
2018,6,3,52.9,1013.6,9.3,21.1,1.2001,898.1
2018,6,4,61.3,1009.4,6.2,21.4,1.19392,264.74
2018,6,5,73,1007,8.2,22.1,1.18829,609.57
2018,6,6,66.8,1010.4,8.2,23.6,1.18627,608.54
2018,6,7,62.2,1014.4,8.7,24.5,1.18737,727.45
2018,6,8,63.8,1016.2,9.3,25.1,1.18709,888.37
2018,6,9,61.9,1010.2,5.7,25.1,1.18008,203.33
2018,6,10,61.8,1004.9,12.3,24.6,1.17585,2035.77
2018,6,11,52,1006.9,13.4,24.7,1.17778,2636.56
2018,6,12,52,1007.9,10.3,24.7,1.17895,1198.58
2018,6,13,43.4,1004.3,9.3,25.2,1.17275,877.64
2018,6,14,49.5,1002.1,8.2,24,1.17491,602.71
2018,6,15,66,1003.5,9.8,23.9,1.17698,1030.65
2018,6,16,73.5,1005.4,8.2,22.4,1.1852,607.99
2018,6,17,67.8,1007.5,6.7,22.7,1.18646,332
2018,6,18,70.5,1008.2,12.3,22.5,1.18809,2056.97
2018,6,19,61.7,1010.3,10.8,24.3,1.18336,1386.91
2018,6,20,55.9,1013.4,11.3,25.6,1.18182,1586.53
2018,6,21,73.3,1013.6,7.2,23.4,1.19084,413.54
2018,6,22,81.1,1011,8.7,22.5,1.19141,729.93
2018,6,23,67.2,1010.5,9.8,22.8,1.18959,1041.69
2018,6,24,67.8,1014,10.3,20.3,1.20386,1223.91
2018,6,25,63.2,1013,12.9,21.9,1.19616,2389.02
2018,6,26,65.9,1008.5,12.3,23.4,1.18484,2051.33
2018,6,27,73.5,1005.2,5.7,22.9,1.18297,203.83
2018,6,28,76.7,1003.1,9.3,22.2,1.18329,885.53
2018,6,29,75.6,1003.8,10.8,22.4,1.18332,1386.87
2018,6,30,69.6,1003.3,10.3,23.5,1.17834,1197.96
2018,7,1,55.4,1009.7,7.2,25.7,1.17711,408.77
2018,7,2,55,1013.9,10.3,25.9,1.18122,1200.89
2018,7,3,47.7,1013.2,9.3,26.6,1.17763,881.29
2018,7,4,49.2,1011.8,11.8,28,1.17055,1789.37
2018,7,5,56.2,1010.2,6.2,27.4,1.17105,259.66
2018,7,6,50.5,1009.6,6.7,27.8,1.16879,327.06
2018,7,7,51.5,1008.3,10.3,27.2,1.16961,1189.09
2018,7,8,59,1007.4,8.2,26.3,1.17209,601.26
2018,7,9,60.3,1008.1,7.2,26.3,1.17291,407.31
2018,7,10,64.3,1009.3,5.1,25.6,1.17706,145.27
2018,7,11,63.4,1010.3,10.3,25.8,1.17744,1197.05
2018,7,12,58.5,1011.3,10.3,27,1.17389,1193.44
2018,7,13,58.1,1011,8.7,27.2,1.17276,718.5
2018,7,14,57.3,1010.4,8.7,27.2,1.17206,718.08
2018,7,15,52.7,1010.4,9.8,26.9,1.17322,1027.35
2018,7,16,48.6,1009.5,6.2,27.1,1.17139,259.74
2018,7,17,56.6,1007.7,9.3,26,1.17361,878.28
2018,7,18,54,1004.6,9.3,27,1.1661,872.66
2018,7,19,58.5,1005.4,7.7,25.8,1.17172,497.69
2018,7,20,56.7,1007.7,7.7,26.3,1.17244,497.99
2018,7,21,57.5,1009.8,7.7,27.5,1.1702,497.04
2018,7,22,67.8,1009.6,7.2,26.6,1.1735,407.51
2018,7,23,60.4,1004,14.9,26.8,1.1662,3589.16
2018,7,24,68.5,1001.8,8.2,25.1,1.17028,600.33
2018,7,25,64.3,1003.5,7.2,26,1.16874,405.86
2018,7,26,66.5,1006.2,6.7,25.5,1.17384,328.47
2018,7,27,75.8,1009.1,12.3,24.5,1.18119,2045.02
2018,7,28,73,1008.3,6.2,25.4,1.1767,260.92
2018,7,29,69.8,1007.2,9.8,26.1,1.17267,1026.87
2018,7,30,65.1,1007.1,10.3,27,1.16903,1188.5
2018,7,31,65.1,1007.9,11.8,27.6,1.16763,1784.9
2018,8,1,65.4,1010.1,11.3,27.9,1.16902,1569.35
2018,8,2,65.8,1011.3,12.9,28.4,1.16847,2333.72
2018,8,3,54.8,1010.9,12.9,27.6,1.17108,2338.93
2018,8,4,55.2,1010,14.4,27.9,1.16888,3247.26
2018,8,5,55.4,1011.1,13.4,27.8,1.17054,2620.36
2018,8,6,56.6,1012.2,11.8,27.9,1.17143,1790.7
2018,8,7,53.9,1012.1,12.3,27.8,1.17169,2028.57
2018,8,8,53.8,1012.8,13.4,27.9,1.17211,2623.89
2018,8,9,56.8,1014.4,12.9,27.8,1.17436,2345.48
2018,8,10,53.9,1015.6,13.9,27.3,1.1777,2942.65
2018,8,11,50.7,1015.4,12.9,26.7,1.17981,2356.36
2018,8,12,49.7,1014.8,13.4,25.9,1.18226,2646.59
2018,8,13,48.7,1013.1,13.4,25.6,1.18146,2644.8
2018,8,14,56.3,1010.7,12.3,26.1,1.17671,2037.26
2018,8,15,57,1008.9,13.9,26.9,1.17149,2927.15
2018,8,16,59.9,1009,11.3,27.1,1.17084,1571.78
2018,8,17,61.2,1008.7,11.8,27.2,1.1701,1788.67
2018,8,18,56.7,1009.7,11.8,27.6,1.1697,1788.05
2018,8,19,52.5,1010.4,13.9,28.6,1.16663,2914.99
2018,8,20,51.4,1010.1,12.9,27.5,1.17053,2337.84
2018,8,21,50.4,1011,13.9,26.3,1.17626,2939.06
2018,8,22,59.3,1012.4,13.4,26.4,1.17752,2635.99
2018,8,23,57.1,1011.1,14.4,26.9,1.17405,3261.62
2018,8,24,60.9,1009.1,11.3,27.1,1.17095,1571.94
2018,8,25,63.7,1007.9,11.3,26.7,1.17113,1572.17
2018,8,26,63.2,1006.8,5.1,25.7,1.17375,144.86
2018,8,27,59.7,1005,11.3,25.9,1.17086,1571.82
2018,8,28,63.9,1006.9,12.9,26.9,1.16919,2335.15
2018,8,29,50.5,1010.4,12.9,26.8,1.17361,2343.97
2018,8,30,49.3,1012.6,9.8,26.5,1.17733,1030.95
2018,8,31,59.1,1013.1,11.8,27.2,1.1752,1796.47
2018,9,1,51.8,1012.7,12.9,28,1.1716,2339.97
2018,9,2,52,1012.7,12.9,28.3,1.17044,2337.65
2018,9,3,61.7,1010.5,13.4,27.2,1.17219,2624.06
2018,9,4,62.2,1007.9,6.7,27,1.16995,327.38
2018,9,5,63.6,1007,11.3,24.9,1.17713,1580.23
2018,9,6,68.6,1008.3,6.2,22.8,1.18701,263.2
2018,9,7,72.1,1009.6,6.7,22.8,1.18854,332.58
2018,9,8,65.1,1011.4,7.7,23.6,1.18744,504.37
2018,9,9,61.6,1014,7.7,24.6,1.1865,503.97
2018,9,10,59.1,1015.9,9.3,23.4,1.19352,893.18
2018,9,11,53.9,1017.8,7.2,22.4,1.19978,416.64
2018,9,12,58.7,1018.2,11.3,21.7,1.2031,1615.1
2018,9,13,77.9,1014.1,9.3,19.7,1.20646,902.87
2018,9,14,73.8,1014,4.6,21.7,1.19817,108.51
2018,9,15,70.9,1015.6,5.1,22.4,1.19722,147.76
2018,9,16,62,1017.5,10.3,23.2,1.19621,1216.13
2018,9,17,65.2,1019.8,13.4,23.8,1.1965,2678.48
2018,9,18,58.6,1019.5,11.8,22.3,1.2022,1837.73
2018,9,19,63.6,1018.8,12.9,21.7,1.20382,2404.32
2018,9,20,59.3,1017.1,12.9,22.2,1.19977,2396.24
2018,9,21,65,1015.5,13.9,22.6,1.19628,2989.09
2018,9,22,68.7,1015.1,11.3,22.4,1.19662,1606.4
2018,9,23,63.3,1016.8,10.3,22.4,1.19862,1218.58
2018,9,24,59.9,1013.9,7.2,21.3,1.19965,416.59
2018,9,25,54.9,1019.2,14.4,18,1.21956,3388.07
2018,9,26,48.9,1025.8,18,15.5,1.23807,6717.74
2018,9,27,54.5,1023.8,15.9,15.8,1.23438,4616.38
2018,9,28,64.2,1018.9,14.4,17.7,1.22047,3390.6
2018,9,29,75.5,1012.7,7.7,19.9,1.20397,511.39
2018,9,30,87.6,1013.7,11.3,18.4,1.21137,1626.2
2018,10,1,87.8,1009.3,15.4,18.8,1.20446,4092.76
2018,10,2,79.2,1014.2,6.2,20.3,1.20412,267
2018,10,3,80.2,1017.9,3.6,18.9,1.2143,52.71
2018,10,4,70.4,1021.9,10.8,19.1,1.21822,1427.77
2018,10,5,57.8,1026.6,13.9,17.7,1.22968,3072.55
2018,10,6,61.6,1023.5,9.3,17.7,1.22598,917.47
2018,10,7,67.9,1016.5,12.3,18.5,1.21427,2102.28
2018,10,8,71.3,1015.6,10.8,17.3,1.2182,1427.75
2018,10,9,72.6,1017.8,12.3,18,1.21791,2108.59
2018,10,10,65.5,1019.8,12.9,18.3,1.21904,2434.72
2018,10,11,71.3,1020.4,11.3,17.3,1.22396,1643.1
2018,10,12,76.4,1020.3,11.3,17.5,1.22301,1641.82
2018,10,13,72.2,1021.2,10.8,18.1,1.22156,1431.68
2018,10,14,72.4,1021.3,11.3,17.1,1.22588,1645.68
2018,10,15,73.7,1019.7,10.8,17.4,1.2227,1433.02
2018,10,16,72.5,1019.9,11.3,18.3,1.21917,1636.67
2018,10,17,75.3,1017.8,10.3,18.2,1.21708,1237.35
2018,10,18,77.2,1015.8,9.3,18.8,1.2122,907.16
2018,10,19,79.2,1015.5,7.2,18.3,1.21392,421.55
2018,10,20,81.2,1016.6,8.2,17.2,1.21983,625.75
2018,10,21,76.1,1017.1,8.7,16.7,1.22253,748.99
2018,10,22,74.5,1017.9,11.8,16.4,1.22475,1872.22
2018,10,23,78.5,1016.1,9.3,16.5,1.22217,914.62
2018,10,24,82.7,1007.8,13.4,16.3,1.21303,2715.49
2018,10,25,52.6,1009.8,14.9,13,1.2294,3783.67
2018,10,26,60.7,1017.2,8.2,11.8,1.24363,637.96
2018,10,27,61.1,1019.9,8.2,15.1,1.23267,632.34
2018,10,28,64.5,1021.3,10.8,19,1.21791,1427.41
2018,10,29,76.6,1021.7,7.2,17.9,1.223,424.7
2018,10,30,79,1021.2,4.6,15.7,1.2317,111.54
2018,10,31,75.2,1023,3.6,16.9,1.22877,53.34
2018,11,1,77.3,1024.6,9.3,17.4,1.22858,919.42
2018,11,2,72.4,1023.7,13.9,17.4,1.2275,3067.09
2018,11,3,66.9,1022.7,14.4,17,1.22798,3411.45
2018,11,4,69,1021.8,13.4,17.1,1.22648,2745.59
2018,11,5,68.1,1020.1,11.8,17.1,1.22444,1871.73
2018,11,6,69.5,1019.2,11.3,16,1.228,1648.53
2018,11,7,71.5,1019.7,9.3,16.1,1.22819,919.12
2018,11,8,75.3,1019.4,9.3,14.6,1.23422,923.64
2018,11,9,66.5,1019,11.3,15.4,1.23031,1651.62
2018,11,10,78.5,1018.2,10.3,14.5,1.2332,1253.74
2018,11,11,81,1020.4,9.3,13.4,1.2406,928.42
2018,11,12,74.9,1025.1,10.3,14.1,1.24328,1263.98
2018,11,13,73.5,1027,13.9,13.3,1.24905,3120.95
2018,11,14,60.3,1024.4,10.8,11.9,1.25199,1467.35
2018,11,15,63,1020.7,10.8,10.9,1.25186,1467.2
2018,11,16,62.3,1023.5,9.8,9.3,1.2624,1105.44
2018,11,17,72.6,1024.6,14.9,7.9,1.27005,3908.78
2018,11,18,79.1,1019,14.9,11.1,1.24891,3843.72
2018,11,19,88.3,1010.2,12.9,15.2,1.22056,2437.75
2018,11,20,92.6,1018.1,5.7,13.6,1.23696,213.13
2018,11,21,90.1,1012.5,11.3,14.9,1.22461,1643.97
2018,11,22,88.2,1014,13.9,12,1.23888,3095.52
2018,11,23,74.9,1022.8,10.3,9.7,1.25976,1280.74
2018,11,24,74.5,1024.5,10.3,9.9,1.26097,1281.96
2018,11,25,81.3,1020.3,5.1,8.3,1.26293,155.87
2018,11,26,78.3,1009.7,16.5,13.8,1.22588,5123.45
2018,11,27,74,1006.5,14.9,18,1.20439,3706.71
2018,11,28,82.9,1006.4,14.9,14.8,1.21765,3747.5
2018,11,29,82.6,1021.1,20.6,4.6,1.28075,10416.6
2018,11,30,85.1,1022.1,15.4,2.3,1.2927,4392.59
2018,12,1,77.7,1022.1,6.7,5.2,1.27924,357.96
2018,12,2,78.7,1020.8,9.3,7.8,1.2658,947.27
2018,12,3,84.6,1017.6,6.7,10.2,1.25116,350.1
2018,12,4,86.7,1012.4,9.3,10.4,1.24389,930.88
2018,12,5,85.3,1013.8,11.3,9.9,1.24781,1675.11
2018,12,6,70.7,1020.8,13.9,6.2,1.27303,3180.87
2018,12,7,61,1023.4,8.2,4.4,1.28454,658.95
2018,12,8,71.6,1017.5,7.2,4.8,1.27531,442.87
2018,12,9,71.3,1010.4,8.2,11.8,1.23533,633.7
2018,12,10,92.6,1004.8,12.3,10.7,1.23326,2135.16
2018,12,11,77.3,1010.4,6.2,7.7,1.25335,277.91
2018,12,12,68.8,1016.5,8.2,6.4,1.26676,649.83
2018,12,13,71.9,1021.4,6.2,4.5,1.28158,284.17
2018,12,14,77.5,1019.1,4.1,7.3,1.26594,81.18
2018,12,15,81.5,1017.6,9.3,12.4,1.24153,929.11
2018,12,16,76.3,1013.1,6.2,13.1,1.23301,273.4
2018,12,17,93.7,1013.2,6.7,10.7,1.24357,347.98
2018,12,18,94.2,1015.7,11.8,7.9,1.25904,1924.63
2018,12,19,86.2,1021.9,11.3,2,1.29385,1736.93
2018,12,20,79.1,1027.3,6.7,3.6,1.29317,361.86
2018,12,21,78.8,1027.7,3.6,6.3,1.28119,55.61
2018,12,22,85.6,1024,5.1,7.8,1.26977,156.71
2018,12,23,84.9,1020.4,5.1,11.1,1.25063,154.35
2018,12,24,83.3,1018.2,14.9,10.6,1.25013,3847.48
2018,12,25,78.3,1015.6,13.9,8.2,1.25756,3142.2
2018,12,26,54.9,1024.2,8.7,4.1,1.28693,788.45
2018,12,27,68.8,1023.5,7.2,3,1.29118,448.38
2018,12,28,75.4,1023.6,4.6,4.2,1.28573,116.44
2018,12,29,78.3,1019.7,5.7,5.6,1.2744,219.58
2018,12,30,78,1022.7,7.2,6.7,1.27313,442.11
2018,12,31,66.1,1020.8,10.3,7.5,1.26714,1288.24
2019,1,1,68.8,1018.9,12.9,7.1,1.26659,2529.68
2019,1,2,77,1013,7.7,6.2,1.26331,536.59
2019,1,3,75.4,1009.2,18,5.6,1.26128,6843.68
2019,1,4,82.8,1015,12.3,2.8,1.28139,2218.5
2019,1,5,86.3,1014.6,9.8,2.5,1.28228,1122.85
2019,1,6,78.7,1010.9,7.7,2.1,1.27946,543.45
2019,1,7,69.7,1016.8,11.8,1.8,1.28832,1969.39
2019,1,8,63.6,1021.1,10.8,0.4,1.30039,1524.07
2019,1,9,68,1013.2,22.1,3.5,1.27588,12812.89
2019,1,10,77,1005.1,21.6,11.6,1.22971,11529.93
2019,1,11,74.2,1010.6,18,12.7,1.23169,6683.12
2019,1,12,89.8,1012.3,12.9,5.8,1.26426,2525.03
2019,1,13,79.3,1010.1,9.3,4.8,1.26604,947.45
2019,1,14,77.2,1003.7,8.2,6,1.25261,642.57
2019,1,15,67.1,1002.4,15.9,6.4,1.24919,4671.78
2019,1,16,56,1015.5,7.7,3.7,1.27784,542.76
2019,1,17,76.7,1019.1,6.2,6.2,1.27092,281.81
2019,1,18,67,1017.9,9.3,10.5,1.25019,935.59
2019,1,19,76.7,1017.9,6.7,11.3,1.24669,348.85
2019,1,20,84.6,1017.3,10.3,10.2,1.25079,1271.62
2019,1,21,87.1,1015.6,9.3,9.8,1.25046,935.8
2019,1,22,82,1016.5,11.8,8,1.25957,1925.44
2019,1,23,79.9,1007,14.4,11.6,1.23204,3422.74
2019,1,24,77.7,998.2,11.8,11,1.22385,1870.83
2019,1,25,73.2,1001.4,13.9,11.4,1.22604,3063.46
2019,1,26,75,998.4,7.7,10.4,1.22668,521.03
2019,1,27,87.3,1004.9,8.7,8.8,1.24167,760.72
2019,1,28,85,1008.4,12.3,9,1.24511,2155.69
2019,1,29,74.5,1007.1,13.9,13.1,1.22571,3062.62
2019,1,30,60.3,1003.4,13.9,13.1,1.22119,3051.33
2019,1,31,82.2,1003.2,11.8,11,1.22998,1880.21
2019,2,1,73.9,1013.1,6.7,10.4,1.24474,348.31
2019,2,2,77.3,1017.7,10.8,11.8,1.24426,1458.29
2019,2,3,74.2,1017.8,6.7,12.6,1.2409,347.23
2019,2,4,79.7,1019.5,4.6,10.5,1.25217,113.4
2019,2,5,75.3,1018.1,12.3,10.7,1.24956,2163.39
2019,2,6,84.5,1014.5,13.4,8.9,1.25309,2805.16
2019,2,7,81.7,1018.2,13.9,6.1,1.27025,3173.92
2019,2,8,83.1,1018.6,8.7,4.7,1.27715,782.46
2019,2,9,74.6,1020.7,8.2,6.3,1.27246,652.75
2019,2,10,77.4,1021.8,3.6,5.2,1.27886,55.51
2019,2,11,77.9,1015.9,16.5,8.2,1.25793,5257.39
2019,2,12,79.3,1009.7,18.5,12.1,1.23318,7264.46
2019,2,13,79.8,1019.5,18,5.3,1.27553,6920.99
2019,2,14,62.1,1023.5,16.5,5.9,1.27777,5340.29
2019,2,15,72.5,1021.4,17.5,5.5,1.27698,6367.37
2019,2,16,67.9,1025.9,15.4,5.6,1.28214,4356.73
2019,2,17,65,1026.4,10.3,6.9,1.27682,1298.08
2019,2,18,71.8,1023.7,9.3,7.3,1.27165,951.65
2019,2,19,73.3,1021.9,8.2,8.5,1.26401,648.42
2019,2,20,80.8,1019.5,6.7,8.4,1.2615,353
2019,2,21,71.3,1021.7,7.7,9.6,1.25885,534.7
2019,2,22,75.2,1019,6.7,8.1,1.26222,353.2
2019,2,23,90.3,1020.1,19.5,2.7,1.2883,8887.57
2019,2,24,83.6,1030.7,17,-1.3,1.32083,6037.45
2019,2,25,87.1,1028,14.4,0.9,1.3068,3630.42
2019,2,26,67.3,1019.8,12.3,5.7,1.27406,2205.81
2019,2,27,64.6,1015.2,11.8,6.5,1.26469,1933.26
2019,2,28,66.1,1017.4,9.3,7.1,1.26472,946.46
2019,3,1,72.1,1010.8,10.3,10.4,1.24191,1262.59
2019,3,2,78.2,1008.6,10.3,10.9,1.23703,1257.64
2019,3,3,72,1015.8,12.3,8.6,1.25602,2174.57
2019,3,4,64.1,1017.7,4.1,6.7,1.2669,81.24
2019,3,5,73,1014.4,11.3,8.1,1.25652,1686.8
2019,3,6,79.6,1016.9,10.3,12.6,1.2398,1260.45
2019,3,7,78.8,1022.5,4.6,11.7,1.25056,113.25
2019,3,8,85.7,1021.7,7.7,10.7,1.25399,532.63
2019,3,9,88.9,1021.4,11.3,11.9,1.24835,1675.85
2019,3,10,88,1019.1,7.2,12.4,1.24336,431.77
2019,3,11,73.2,1012.6,11.3,13.7,1.22983,1650.98
2019,3,12,79,1007.5,16.5,12.4,1.2292,5137.32
2019,3,13,80.1,1012.4,14.4,7.2,1.25807,3495.04
2019,3,14,75.4,1012.9,9.3,8.1,1.25466,938.94
2019,3,15,73.5,1008.4,9.3,9,1.2451,931.79
2019,3,16,77.7,1013.8,7.7,8.8,1.25266,532.07
2019,3,17,69.4,1016.3,8.7,13.2,1.23647,757.53
2019,3,18,78.7,1015.9,7.2,13.1,1.23642,429.36
2019,3,19,80,1016.2,6.2,13.3,1.23593,274.05
2019,3,20,80.7,1020,10.8,13,1.24185,1455.46
2019,3,21,69.5,1026.7,13.4,10.6,1.26055,2821.87
2019,3,22,59.1,1027.1,14.9,11.1,1.25882,3874.21
2019,3,23,58.6,1021.7,12.9,12.4,1.2465,2489.57
2019,3,24,45.5,1020.6,11.8,10.7,1.2526,1914.78
2019,3,25,48.3,1015.6,6.7,10.7,1.24647,348.79
2019,3,26,52.1,1009.6,9.3,12.2,1.2326,922.43
2019,3,27,61.2,1018.5,10.8,12.2,1.24347,1457.37
2019,3,28,53,1022.8,16.5,10.8,1.25487,5244.58
2019,3,29,48.8,1021.8,17,9.1,1.26118,5764.81
2019,3,30,48.3,1019,19,9,1.25817,8029
2019,3,31,53.4,1014.9,14.4,10.1,1.24825,3467.77
2019,4,1,56.1,1013.1,10.3,11.4,1.24035,1261.01
2019,4,2,62.8,1016.1,10.8,12.2,1.24055,1453.94
2019,4,3,57.4,1017.6,12.3,11,1.24761,2160.01
2019,4,4,57.9,1015.8,12.3,10.8,1.24628,2157.71
2019,4,5,59.8,1014.1,5.7,11.8,1.23984,213.62
2019,4,6,77.5,1010.1,9.8,11.4,1.2367,1082.94
2019,4,7,87.7,1008.7,6.7,11.8,1.23326,345.1
2019,4,8,85.4,1006.1,6.2,13.5,1.2228,271.14
2019,4,9,80,999.1,12.3,13.3,1.21513,2103.78
2019,4,10,80.4,1003.4,6.2,13.3,1.22036,270.6
2019,4,11,79.8,1008.8,9.8,14.5,1.22182,1069.91
2019,4,12,75.6,1011.6,20.1,14.7,1.22435,9250.31
2019,4,13,83.7,1012,6.2,13.9,1.22826,272.35
2019,4,14,78.8,1010.3,6.7,13.9,1.22619,343.12
2019,4,15,75.3,1013.4,12.3,12.8,1.23467,2137.6
2019,4,16,59,1016.5,10.8,11.5,1.24408,1458.08
2019,4,17,65.6,1016.6,5.1,11.8,1.2429,153.39
2019,4,18,64.9,1020,10.8,12.3,1.24487,1459.01
2019,4,19,61.6,1023.3,9.3,11.8,1.25109,936.26
2019,4,20,65.5,1024.1,14.4,10.9,1.25603,3489.39
2019,4,21,59.3,1024.6,6.2,10.7,1.25752,278.84
2019,4,22,56.2,1021.6,6.2,12.2,1.24725,276.56
2019,4,23,54.5,1022.9,7.7,13.1,1.24492,528.78
2019,4,24,69.8,1024.1,7.7,15.2,1.23733,525.55
2019,4,25,70.8,1023,4.6,16,1.23258,111.62
2019,4,26,62.4,1019.4,6.7,17.7,1.22107,341.68
2019,4,27,62.7,1015,5.7,17,1.21873,209.99
2019,4,28,73.6,1012,8.7,17.4,1.21347,743.44
2019,4,29,76.3,1011.6,10.3,16.9,1.21508,1235.32
2019,4,30,71.5,1010,11.3,17.6,1.21024,1624.68
2019,5,1,69.7,1009.2,9.3,17.4,1.21011,905.59
2019,5,2,66.7,1009.4,6.2,17.9,1.20827,267.92
2019,5,3,71.5,1012.4,8.2,16.4,1.21813,624.88
2019,5,4,61,1010.8,13.9,17.3,1.21243,3029.44
2019,5,5,55.4,1007.1,15.9,19.3,1.19973,4486.81
2019,5,6,68.9,1005.7,10.8,18.7,1.20055,1407.06
2019,5,7,66.4,1006.9,9.3,16.9,1.20942,905.08
2019,5,8,52.9,1014.9,6.2,15.1,1.22662,271.98
2019,5,9,59.5,1013.8,6.2,14.8,1.22657,271.97
2019,5,10,66.3,1008.5,12.3,17.8,1.2076,2090.74
2019,5,11,70.1,1013.4,5.7,18.9,1.20891,208.3
2019,5,12,60.9,1016.7,5.7,18.9,1.21283,208.97
2019,5,13,62.6,1014.6,12.3,19.1,1.2095,2094.04
2019,5,14,72.8,1012.2,8.7,18,1.21121,742.06
2019,5,15,75.1,1010.1,4.6,18.6,1.20622,109.23
2019,5,16,68.8,1008.9,7.2,20.1,1.19863,416.24
2019,5,17,68.5,1007.6,9.8,18.7,1.20281,1053.27
2019,5,18,65.5,1007.8,5.7,20.7,1.19487,205.88
2019,5,19,63.2,1010,6.2,21.7,1.19342,264.62
2019,5,20,69.9,1009.7,10.8,20.4,1.19835,1404.49
2019,5,21,68.3,1012.2,9.3,21.5,1.19684,895.67
2019,5,22,71.4,1013.1,7.7,20.4,1.20239,510.72
2019,5,23,58.8,1010.8,6.2,21.5,1.19517,265.01
2019,5,24,63.8,1007.9,9.3,21,1.19377,893.37
2019,5,25,73,1011.9,8.7,20.4,1.20097,735.79
2019,5,26,59.2,1015.3,4.6,21.7,1.19968,108.64
2019,5,27,53.8,1014.7,7.2,23.1,1.1933,414.39
2019,5,28,61.8,1011.2,8.2,23.3,1.1884,609.63
2019,5,29,64.7,1011.3,11.8,22.3,1.19254,1822.97
2019,5,30,63.8,1015.4,7.7,22.2,1.19778,508.76
2019,5,31,52.7,1014.5,11.3,24.2,1.18866,1595.71
2019,6,1,62.8,1012.9,9.3,23.9,1.188,889.05
2019,6,2,71,1012.3,8.2,23.1,1.19051,610.71
2019,6,3,73.7,1013.2,11.3,21.5,1.19803,1608.3
2019,6,4,75.6,1012.8,8.2,19.9,1.20409,617.68
2019,6,5,65,1012.8,6.7,21.5,1.19755,335.1
2019,6,6,67,1014.5,6.2,22.7,1.1947,264.91
2019,6,7,60.9,1016,6.7,23.7,1.19243,333.67
2019,6,8,57.4,1016.4,9.3,26.1,1.18335,885.57
2019,6,9,59.3,1014.8,12.3,26,1.18188,2046.22
2019,6,10,60.7,1011.8,11.8,25.5,1.18036,1804.36
2019,6,11,59.4,1009,10.8,25.5,1.17709,1379.57
2019,6,12,72.6,1010.9,11.3,24,1.18528,1591.17
2019,6,13,65.1,1013.2,6.7,25.5,1.18201,330.75
2019,6,14,56.3,1013.3,7.2,27.3,1.17503,408.05
2019,6,15,68.5,1011.6,9.3,24.4,1.1845,886.43
2019,6,16,57.2,1010.2,9.3,26.7,1.17378,878.41
2019,6,17,51.4,1009.5,8.7,26.8,1.17256,718.38
2019,6,18,54.3,1010.9,9.8,27.5,1.17147,1025.82
2019,6,19,54.9,1011,9.3,26.2,1.17666,880.57
2019,6,20,55.2,1010,7.7,26.4,1.17472,498.96
2019,6,21,53,1011,9.8,27,1.17353,1027.62
2019,6,22,54.5,1012.7,9.3,27.3,1.17433,878.82
2019,6,23,50.2,1013.1,7.7,28.7,1.16935,496.68
2019,6,24,49,1010.9,11.8,28.9,1.16604,1782.46
2019,6,25,53.5,1012.7,13.4,28.9,1.16812,2614.96
2019,6,26,58,1014.9,13.4,28.3,1.173,2625.87
2019,6,27,53.3,1013.1,12.3,29,1.1682,2022.52
2019,6,28,46.1,1008.3,17,28.5,1.16457,5323.2
2019,6,29,53.8,1011.7,13.4,26.9,1.17473,2629.75
2019,6,30,40.1,1016.6,11.3,25.4,1.18631,1592.56
2019,7,1,41.3,1016.7,12.9,26.5,1.18208,2360.9
2019,7,2,46.9,1012,12.9,26.9,1.17506,2346.89
2019,7,3,50.9,1010,13.9,27.7,1.16964,2922.52
2019,7,4,52.3,1012.3,13.4,28.6,1.16882,2616.51
2019,7,5,55.7,1012.9,11.3,28.1,1.17146,1572.62
2019,7,6,47.7,1010.6,9.3,28.2,1.16839,874.37
2019,7,7,47.9,1009.5,8.7,28.4,1.16634,714.57
2019,7,8,43,1007.6,9.3,28.7,1.16298,870.33
2019,7,9,48.5,1009.9,7.2,30.3,1.15952,402.66
2019,7,10,58.2,1007.5,16.5,27.7,1.16676,4876.37
2019,7,11,70.2,1007.2,11.8,22,1.18892,1817.44
2019,7,12,54.4,1010.7,5.1,23.6,1.1866,146.45
2019,7,13,48.9,1010.1,5.1,25,1.18032,145.67
2019,7,14,59.7,1005.7,5.7,23.2,1.18233,203.72
2019,7,15,63.5,1007.7,5.1,23.1,1.18509,146.26
2019,7,16,55.2,1007.5,11.3,24.6,1.17888,1582.58
2019,7,17,54,1005.8,13.9,25.5,1.17335,2931.79
2019,7,18,49,1009.2,8.2,26,1.17534,602.93
2019,7,19,46.4,1012.7,12.3,26.2,1.17862,2040.57
2019,7,20,53.1,1014.3,12.3,26.7,1.17853,2040.42
2019,7,21,53.5,1016.2,11.3,27.1,1.17917,1582.98
2019,7,22,47.8,1015.6,11.3,27.5,1.1769,1579.92
2019,7,23,48.8,1012.1,9.8,27.7,1.17207,1026.34
2019,7,24,55.3,1010.9,11.3,26.7,1.17459,1576.82
2019,7,25,49.1,1014.5,10.8,26.4,1.17993,1382.9
2019,7,26,46.5,1012.2,11.3,27.2,1.17412,1576.2
2019,7,27,48,1007.1,10.8,27.1,1.1686,1369.62
2019,7,28,53.6,1006,10.8,27.5,1.16579,1366.32
2019,7,29,53,1002.2,7.7,28.5,1.15754,491.67
2019,7,30,55.4,1004.3,8.7,27.6,1.16344,712.79
2019,7,31,55.3,1007.1,8.2,28.9,1.16167,595.92
2019,8,1,51.3,1008.1,9.8,29.2,1.16166,1017.23
2019,8,2,55.5,1009.5,10.3,29.5,1.16214,1181.49
2019,8,3,58.4,1006.3,7.7,28.9,1.16076,493.03
2019,8,4,53.8,1006.6,10.3,27.6,1.1661,1185.52
2019,8,5,47.5,1011.6,10.8,26.3,1.17695,1379.4
2019,8,6,45.2,1013.7,13.9,26.3,1.17939,2946.88
2019,8,7,44.1,1013.9,12.3,26.7,1.17805,2039.57
2019,8,8,50.9,1011.9,11.3,27.1,1.17418,1576.27
2019,8,9,53.3,1009.9,13.9,27.3,1.17108,2926.13
2019,8,10,52.1,1011.4,12.3,28.4,1.16855,2023.13
2019,8,11,50.6,1012.5,14.4,28.3,1.17021,3250.95
2019,8,12,51.8,1011.2,13.9,28.2,1.16909,2921.16
2019,8,13,50.6,1008.6,13.4,28.5,1.16493,2607.8
2019,8,14,57,1006.5,12.3,27.8,1.16522,2017.36
2019,8,15,58.8,1006,11.3,28.6,1.16156,1559.34
2019,8,16,56.1,1009.7,10.3,27.5,1.17008,1189.57
2019,8,17,62.9,1011.8,9.8,24.7,1.18353,1036.38
2019,8,18,54.2,1014.4,8.7,24.5,1.18735,727.44
2019,8,19,47,1015.4,12.3,25.2,1.18572,2052.85
2019,8,20,54,1016.4,12.9,25.7,1.18492,2366.57
2019,8,21,53.8,1015.9,9.8,27.4,1.17765,1031.23
2019,8,22,52.5,1015.2,9.8,28.9,1.171,1025.41
2019,8,23,49.7,1016,10.8,28.8,1.17231,1373.96
2019,8,24,56.3,1015.3,12.3,28.8,1.17152,2028.27
2019,8,25,57.3,1013.7,13.4,28.7,1.17006,2619.29
2019,8,26,55.5,1013.2,14.9,29.2,1.16755,3593.32
2019,8,27,53.8,1014.5,14.4,28.5,1.17175,3255.24
2019,8,28,50,1014.6,14.9,28,1.1738,3612.54
2019,8,29,50.5,1014.6,11.3,27.1,1.17731,1580.47
2019,8,30,52.9,1014.8,11.3,26.8,1.17872,1582.37
2019,8,31,49,1013.7,13.4,25.4,1.18295,2648.14
2019,9,1,53.2,1010.8,12.9,25.7,1.17839,2353.53
2019,9,2,53.1,1010.9,12.3,26.7,1.17458,2033.58
2019,9,3,51,1010.8,13.4,27,1.17329,2626.52
2019,9,4,50.5,1010.3,14.4,26.9,1.1731,3259
2019,9,5,58.5,1010,12.9,26.4,1.17473,2346.21
2019,9,6,54.2,1012.3,12.3,25.7,1.18014,2043.2
2019,9,7,50.6,1014.4,12.9,24.4,1.18774,2372.2
2019,9,8,56.2,1014.3,12.3,25.1,1.18485,2051.35
2019,9,9,52.4,1013.8,11.8,25.1,1.18426,1810.31
2019,9,10,54.5,1012.7,12.3,24.8,1.18417,2050.17
2019,9,11,55.1,1014.5,12.3,25.6,1.1831,2048.33
2019,9,12,53.5,1017.9,10.3,24.6,1.19104,1210.88
2019,9,13,52.5,1017.9,14.4,24.7,1.19064,3307.73
2019,9,14,44.4,1018.8,14.9,24.8,1.19128,3666.34
2019,9,15,48.7,1019.8,13.4,24.9,1.19206,2668.53
2019,9,16,49.8,1017.4,10.8,22.8,1.19768,1403.7
2019,9,17,51.5,1014.3,7.2,22.5,1.19524,415.06
2019,9,18,55.4,1013.2,8.2,22.4,1.19436,612.69
2019,9,19,57.8,1014.9,12.9,23,1.19395,2384.6
2019,9,20,66.2,1016.4,12.3,19,1.21207,2098.48
2019,9,21,48.3,1021.9,13.9,19.4,1.21694,3040.7
2019,9,22,43.6,1021.7,14.9,18.9,1.21877,3750.95
2019,9,23,52.5,1016.6,4.1,19.1,1.21187,77.71
2019,9,24,58.8,1011.3,6.2,20.2,1.20105,266.32
2019,9,25,67.3,1009.2,9.8,21.2,1.19451,1045.99
2019,9,26,67.8,1011.9,8.2,21.4,1.19689,613.99
2019,9,27,57.6,1013.7,9.3,22.8,1.19334,893.05
2019,9,28,52.8,1017.7,8.2,22,1.20128,616.24
2019,9,29,51.5,1015.8,7.2,21.8,1.19985,416.66
2019,9,30,57.5,1012.1,5.7,22.5,1.19266,205.5
2019,10,1,47.8,1010.8,10.8,23,1.1891,1393.65
2019,10,2,60.8,1009.5,7.2,23.6,1.1852,411.58
2019,10,3,63.8,1008.5,12.9,22.6,1.18803,2372.79
2019,10,4,61.8,1008.1,23.7,24,1.18197,14639.09
2019,10,5,72.5,1006.6,7.2,21.2,1.19144,413.74
2019,10,6,62.9,1009.9,6.7,19.4,1.20267,336.54
2019,10,7,56.7,1010.6,9.3,17.8,1.2101,905.59
2019,10,8,77.2,1015.3,13.4,16.6,1.22079,2732.85
2019,10,9,68.1,1022,6.2,18.5,1.22084,270.7
2019,10,10,70.1,1018.9,6.2,18.3,1.21797,270.07
2019,10,11,68.8,1018.8,11.3,20.4,1.20915,1623.22
2019,10,12,63.6,1022.9,12.3,20.7,1.21277,2099.69
2019,10,13,65.6,1021.8,11.8,19.6,1.21601,1858.86
2019,10,14,70.6,1020.1,11.3,19.6,1.214,1629.73
2019,10,15,70.9,1017.4,9.3,19.6,1.21079,906.1
2019,10,16,72.7,1015.7,9.8,19.4,1.20959,1059.2
2019,10,17,72.6,1016.5,9.3,20.4,1.20643,902.84
2019,10,18,74.5,1017.5,4.1,20.1,1.20885,77.52
2019,10,19,76.3,1017.7,3.6,19.7,1.21074,52.56
2019,10,20,73.4,1019.4,9.3,19.8,1.21235,907.27
2019,10,21,66.8,1020.7,10.8,19.2,1.21637,1425.6
2019,10,22,66.1,1020.4,12.3,19.5,1.21476,2103.14
2019,10,23,64.6,1020,13.9,19.5,1.21429,3034.08
2019,10,24,63.7,1018.1,13.4,19,1.21409,2717.86
2019,10,25,67.4,1016.6,12.9,18.7,1.21355,2423.76
2019,10,26,66.6,1020.2,11.3,18.4,1.2191,1636.58
2019,10,27,64.7,1019.4,9.3,17.4,1.22233,914.74
2019,10,28,68.8,1014.6,5.7,17,1.21825,209.91
2019,10,29,70.3,1014.9,5.7,16.5,1.22072,210.33
2019,10,30,66.9,1017.5,8.2,16.3,1.22468,628.24
2019,10,31,75.7,1017.4,9.8,17,1.22163,1069.74
2019,11,1,73.5,1018.2,10.8,14.1,1.23491,1447.33
2019,11,2,61.6,1019.3,9.3,14.7,1.23365,923.22
2019,11,3,63.2,1017,11.3,13.8,1.23473,1657.56
2019,11,4,63.9,1012.6,16.5,20.8,1.20015,5015.91
2019,11,5,74.4,1012.3,10.8,20.8,1.19982,1406.2
2019,11,6,72.8,1012.3,14.4,21.4,1.19737,3326.43
2019,11,7,65.8,1011.7,12.3,22.2,1.19342,2066.18
2019,11,8,54.2,1012.3,9.8,22.2,1.1941,1045.64
2019,11,9,69,1015.7,7.2,20.7,1.20425,418.19
2019,11,10,68.3,1014.2,13.4,18.7,1.21069,2710.25
2019,11,11,73.1,1016.5,5.1,20.2,1.20725,148.99
2019,11,12,67.5,1015.9,7.7,18.1,1.21521,516.16
2019,11,13,71.3,1012.3,9.3,18.4,1.20967,905.27
2019,11,14,73.4,1010.1,7.7,18.4,1.20704,512.69
2019,11,15,71.9,1015.6,4.6,18.5,1.2132,109.87
2019,11,16,73.5,1020.5,8.2,16.4,1.22788,629.88
2019,11,17,77.3,1018.4,7.2,16.9,1.22325,424.79
2019,11,18,75.7,1018.9,9.3,16.6,1.22511,916.83
2019,11,19,72.2,1022.1,7.2,17.8,1.2239,425.01
2019,11,20,73.2,1019.7,4.1,15.8,1.22946,78.84
2019,11,21,59.6,1016.5,5.7,17.2,1.21968,210.15
2019,11,22,72.1,1014.7,5.7,15.6,1.22428,210.94
2019,11,23,76.1,1017.2,5.7,15.3,1.22857,211.68
2019,11,24,79.3,1018,7.7,14.2,1.23424,524.25
2019,11,25,77.5,1010.5,7.2,14.9,1.22218,424.42
2019,11,26,80.3,1005.9,6.7,14.6,1.21788,340.79
2019,11,27,78.5,1011.8,5.7,13.9,1.22801,211.59
2019,11,28,80.6,1013.3,12.3,14.7,1.22642,2123.32
2019,11,29,74.7,1008.9,16.5,19.2,1.20232,5024.96
2019,11,30,73.4,1011.6,12.3,18.2,1.20966,2094.31
2019,12,1,58.6,1020.4,11.3,10.9,1.25149,1680.05
2019,12,2,66.3,1024.8,4.6,10,1.26088,114.19
2019,12,3,67.2,1019.3,10.8,11.3,1.24839,1463.13
2019,12,4,81.9,1022.7,15.4,8,1.26725,4306.13
2019,12,5,71.9,1028.8,8.2,7.4,1.27753,655.35
2019,12,6,73.3,1026.2,8.7,9.1,1.26663,776.01
2019,12,7,75.3,1020.3,5.1,7.5,1.26653,156.31
2019,12,8,76.1,1017.4,5.1,12.8,1.23954,152.98
2019,12,9,73.2,1016.4,4.6,9.9,1.25099,113.29
2019,12,10,70.5,1011.9,6.2,9.5,1.24721,276.55
2019,12,11,70.1,1010.8,8.2,10.8,1.24016,636.18
2019,12,12,75.9,1006.8,9.3,12.1,1.22964,920.21
2019,12,13,81.2,1003.6,7.7,12.2,1.2253,520.45
2019,12,14,68.3,999.6,13.4,15.2,1.20773,2703.61
2019,12,15,71.7,1013.9,6.2,13.4,1.23269,273.33
2019,12,16,72.2,1025,3.6,11.2,1.25582,54.51
2019,12,17,79.8,1025.2,4.6,12.3,1.25124,113.31
2019,12,18,80,1026.8,5.1,14.5,1.24362,153.48
2019,12,19,77.3,1028.1,4.6,16.3,1.23746,112.06
2019,12,20,74.3,1023.2,9.8,16.7,1.22986,1076.95
2019,12,21,75.4,1015.8,18.5,17.1,1.21929,7182.6
2019,12,22,68.4,1007.5,24.7,18.1,1.20517,16896.62
2019,12,23,73.3,995.2,17,16.2,1.19827,5477.24
2019,12,24,69.7,998.9,7.2,12.1,1.21998,423.65
2019,12,25,67,1006.8,6.7,9.9,1.23917,346.75
2019,12,26,70.4,1011.3,8.7,9.2,1.2478,764.48
2019,12,27,67.6,1017.8,6.2,7,1.26567,280.64
2019,12,28,59.7,1017,13.4,7.8,1.26107,2823.03
2019,12,29,59.7,1020.2,14.9,6.4,1.27137,3912.83
2019,12,30,72.7,1019.9,20.1,5.6,1.27465,9630.31
2019,12,31,66.4,1025.4,15.4,5.7,1.28106,4353.04
2020,1,1,70.9,1023,10.8,5.7,1.27806,1497.91
2020,1,2,54,1026.7,14.9,6.1,1.28084,3941.98
2020,1,3,58.5,1024.6,10.3,7,1.27412,1295.34
2020,1,4,66.1,1018.8,4.6,7.6,1.26421,114.49
2020,1,5,69.3,1013.7,19,6.6,1.26237,8055.82
2020,1,6,70.5,1013.4,21.1,5.1,1.2688,11089.23
2020,1,7,77.2,1018.9,20.6,2.8,1.28631,10461.88
2020,1,8,60.8,1025.8,10.8,3.4,1.29221,1514.48
2020,1,9,61.8,1027.4,7.2,4.6,1.28863,447.5
2020,1,10,75.1,1024.5,4.1,5.2,1.28224,82.22
2020,1,11,67.5,1023.1,3.6,6.5,1.27453,55.32
2020,1,12,67.4,1024.8,9.8,9.1,1.2649,1107.63
2020,1,13,72.5,1027.1,8.2,8.7,1.26954,651.25
2020,1,14,71.3,1025.6,5.7,6.4,1.27811,220.22
2020,1,15,75.4,1027.7,9.8,6.4,1.28073,1121.49
2020,1,16,67,1025.9,14.9,9.7,1.26357,3888.84
2020,1,17,65.7,1024.9,14.9,8.4,1.26816,3902.97
2020,1,18,71,1025.2,11.3,7.2,1.27396,1710.23
2020,1,19,64.4,1022.5,9.8,7.8,1.26789,1110.25
2020,1,20,58.1,1033.5,12.3,6.8,1.2861,2226.65
2020,1,21,55.9,1039.8,11.3,4.6,1.30418,1750.79
2020,1,22,67.1,1032.2,4.1,4.3,1.29606,83.11
2020,1,23,64.4,1025.3,12.9,5.8,1.28047,2557.41
2020,1,24,60,1032.7,4.6,4.8,1.29435,117.22
2020,1,25,67.6,1027.9,7.7,5.8,1.28372,545.26
2020,1,26,71.5,1024.9,8.7,13.1,1.24737,764.21
2020,1,27,70.7,1019.1,11.3,14.2,1.23557,1658.68
2020,1,28,79.8,1013.7,5.1,12.5,1.23634,152.58
2020,1,29,74.8,1011.7,14.9,13.2,1.23088,3788.22
2020,1,30,72,1013,7.7,10.6,1.24374,528.28
2020,1,31,67.8,1020,10.8,7.6,1.2657,1483.41
2020,2,1,73,1016.4,6.2,13.2,1.23659,274.2
2020,2,2,79,1018.1,9.3,12.1,1.24344,930.54
2020,2,3,81.1,1016.1,11.8,13.9,1.23323,1885.17
2020,2,4,77.9,1010.7,17,14.7,1.22327,5591.51
2020,2,5,73.4,997.4,28.8,14.7,1.20717,26829.06
2020,2,6,77.2,1006.7,13.4,4.8,1.26177,2824.6
2020,2,7,54.3,1018.5,10.3,4.3,1.27885,1300.14
2020,2,8,53.4,1027.2,13.4,3.3,1.29443,2897.71
2020,2,9,57.5,1033.1,4.6,3,1.30328,118.02
2020,2,10,68.7,1027.3,11.8,6.2,1.28114,1958.41
2020,2,11,70.8,1012.8,13.9,12.8,1.23393,3083.17
2020,2,12,73.5,1014.6,11.3,11.7,1.2409,1665.84
2020,2,13,66.7,1023.1,8.2,9.9,1.25923,645.97
2020,2,14,66.3,1022.2,4.1,7.8,1.26752,81.28
2020,2,15,79.9,1018.4,10.3,10.6,1.25037,1271.2
2020,2,16,65.4,1028.3,12.3,9.4,1.26787,2195.09
2020,2,17,66.2,1028.1,10.8,8.4,1.27212,1490.95
2020,2,18,69.1,1020.6,6.2,8.6,1.26195,279.82
2020,2,19,73.7,1018.3,5.1,10.3,1.25157,154.46
2020,2,20,79,1013.1,11.8,9.9,1.24694,1906.13
2020,2,21,71.7,1016.9,12.3,8.8,1.25649,2175.38
2020,2,22,72.9,1023,9.8,7.4,1.27033,1112.38
2020,2,23,64.8,1025.6,10.8,7.7,1.27219,1491.02
2020,2,24,67.3,1017.2,8.7,8.8,1.25685,770.02
2020,2,25,66.8,1019,5.7,11.1,1.2489,215.19
2020,2,26,61,1009.9,18.5,12.8,1.23039,7248.02
2020,2,27,68.3,1005.2,24.2,15.8,1.21197,15980.87
2020,2,28,65,1010.5,15.9,11.6,1.23631,4623.59
2020,2,29,69.2,1012.4,12.9,8.5,1.25226,2501.06
2020,3,1,70.3,1020.1,4.6,8.4,1.26223,114.31
2020,3,2,70.6,1015.3,11.3,10.9,1.24524,1671.67
2020,3,3,63.4,1014,14.4,16.2,1.22089,3391.76
2020,3,4,61.8,1009.8,14.9,16.3,1.21541,3740.61
2020,3,5,75,1006.2,6.2,13.7,1.22206,270.97
2020,3,6,79.1,1009.3,9.3,12.9,1.22925,919.92
2020,3,7,67.5,1011.8,15.9,15.4,1.22162,4568.65
2020,3,8,48.3,1014.1,11.3,18.4,1.21178,1626.75
2020,3,9,65.4,1010.3,8.2,15.1,1.22107,626.39
2020,3,10,75.4,1006.3,9.3,13.1,1.22474,916.54
2020,3,11,72.5,1016,5.7,13.3,1.23568,212.91
2020,3,12,66.8,1018.6,11.3,12.7,1.24143,1666.55
2020,3,13,61.2,1013.1,10.8,14.2,1.22828,1439.56
2020,3,14,64,1012.7,12.3,13.3,1.23165,2132.38
2020,3,15,77,1015.5,16.5,10.7,1.24637,5209.08
2020,3,16,59,1026.5,17.5,7.7,1.2733,6349.02
2020,3,17,49.3,1030,10.3,7.5,1.27854,1299.84
2020,3,18,59.3,1025.2,11.8,6.9,1.27532,1949.51
2020,3,19,46.8,1025.2,10.3,9.1,1.26537,1286.45
2020,3,20,48.6,1021.4,9.3,9.4,1.25935,942.45
2020,3,21,56.6,1017.9,4.6,11.5,1.24579,112.82
2020,3,22,67.4,1014,8.2,12.1,1.23842,635.29
2020,3,23,75.5,1014.6,9.8,11.3,1.24264,1088.14
2020,3,24,85.8,1014.4,12.3,9.7,1.24943,2163.15
2020,3,25,83.3,1019.1,13.4,8.6,1.26011,2820.87
2020,3,26,75.6,1016.4,12.3,9.8,1.25144,2166.64
2020,3,27,79.8,1013.6,10.3,10.3,1.2458,1266.54
2020,3,28,79,1011.9,6.2,10.4,1.24327,275.68
2020,3,29,84.8,1010.5,4.1,11.5,1.23676,79.3
2020,3,30,79.4,1011.3,6.2,12.4,1.23384,273.59
2020,3,31,79.7,1012.1,14.9,10.7,1.2422,3823.07
2020,4,1,78.8,1015.1,10.8,8.4,1.25605,1472.11
2020,4,2,86.1,1008.9,12.3,9.3,1.24441,2154.47
2020,4,3,79,1015.6,6.2,8.6,1.25578,278.45
2020,4,4,86.9,1014.3,11.3,9.3,1.25107,1679.5
2020,4,5,95.2,1011.5,16.5,10.3,1.24323,5195.95
2020,4,6,83.5,1020.4,13.9,8.9,1.26038,3149.24
2020,4,7,64.2,1023.6,18,10.6,1.25674,6819.07
2020,4,8,55.2,1022.8,15.4,10.9,1.25443,4262.54
2020,4,9,60.5,1019,13.4,10.9,1.24977,2797.73
2020,4,10,54.1,1016.6,7.7,12.7,1.23898,526.26
2020,4,11,59.3,1017.9,9.8,13.7,1.23625,1082.54
2020,4,12,61.9,1021.9,13.4,13.4,1.24241,2781.24
2020,4,13,60.3,1020.2,6.2,12.3,1.24511,276.09
2020,4,14,64.6,1014.2,10.3,13.5,1.23262,1253.15
2020,4,15,75.8,1013.8,15.9,11.9,1.23905,4633.85
2020,4,16,61.4,1022,12.3,10.6,1.25478,2172.41
2020,4,17,65.5,1017.3,5.1,11.7,1.24419,153.55
2020,4,18,75,1015.1,7.2,13.2,1.23502,428.88
2020,4,19,68.9,1014.3,6.7,14,1.2306,344.35
2020,4,20,66.6,1011.6,14.9,14.9,1.22349,3765.49
2020,4,21,72.7,1015,12.3,11.9,1.24052,2147.73
2020,4,22,54.8,1016.6,14.9,11.9,1.24245,3823.84
2020,4,23,54.8,1017.5,14.9,11.6,1.24486,3831.25
2020,4,24,59.8,1013,12.3,12.2,1.23676,2141.22
2020,4,25,56,1009.4,5.1,12.4,1.2315,151.99
2020,4,26,65.9,1007.9,10.3,14.2,1.22198,1242.33
2020,4,27,70.1,1011.2,5.7,15.8,1.21921,210.07
2020,4,28,64,1013.7,5.7,17.1,1.21675,209.65
2020,4,29,69.8,1011.8,8.2,15.2,1.22247,627.1
2020,4,30,75.5,1008.1,9.8,16.2,1.2138,1062.89
2020,5,1,79.3,1009.7,8.2,16.1,1.21615,623.87
2020,5,2,78.1,1007.2,10.8,17,1.20938,1417.41
2020,5,3,88.3,1003.9,7.2,15.8,1.21043,420.34
2020,5,4,82.3,1008.7,6.2,14.1,1.2234,271.27
2020,5,5,76.2,1013.8,4.6,16.7,1.21856,110.35
2020,5,6,77.1,1011,10.8,15.7,1.2194,1429.15
2020,5,7,69.7,1013.2,9.8,14.4,1.22756,1074.93
2020,5,8,63,1017.2,6.7,15.8,1.22643,343.19
2020,5,9,61.2,1017.9,5.1,16.6,1.22389,151.05
2020,5,10,65.8,1015.2,6.2,16.3,1.22191,270.94
2020,5,11,68.5,1013.9,10.3,18.2,1.21241,1232.6
2020,5,12,53.1,1009.6,16.5,21.4,1.19414,4990.8
2020,5,13,66.8,1015.2,11.3,19.6,1.20816,1621.89
2020,5,14,79.3,1016.6,4.6,18.5,1.2144,109.98
2020,5,15,74.9,1014.6,5.1,19.7,1.20705,148.97
2020,5,16,64,1015.1,9.8,23.6,1.19179,1043.61
2020,5,17,64.5,1017,6.2,23,1.19643,265.29
2020,5,18,66.3,1016.5,12.3,23.3,1.19464,2068.3
2020,5,19,66.9,1015.8,11.3,21.7,1.20028,1611.31
2020,5,20,67.3,1008.9,5.7,22.5,1.18891,204.85
2020,5,21,73.3,1004.5,14.9,21.6,1.18735,3654.24
2020,5,22,67,1015.4,12.3,16.8,1.22005,2112.3
2020,5,23,53.8,1021.5,9.3,16.6,1.22821,919.14
2020,5,24,50.2,1022.9,5.7,17.5,1.22608,211.25
2020,5,25,61.9,1019.8,8.2,18.3,1.21903,625.34
2020,5,26,58.8,1017.5,12.9,18.2,1.2167,2430.04
2020,5,27,69.8,1015.9,12.3,15.8,1.22488,2120.65
2020,5,28,67.7,1016.8,7.7,16.9,1.22131,518.75
2020,5,29,70.7,1015,7.7,16.7,1.22,518.19
2020,5,30,75.9,1014.9,10.3,17.5,1.21653,1236.79
2020,5,31,74,1013.5,10.8,18.7,1.20987,1417.98
2020,6,1,80.3,1010.5,8.7,17.4,1.21168,742.35
2020,6,2,77.8,1008.5,6.2,17.8,1.20762,267.77
2020,6,3,79.7,1008.3,6.7,17.5,1.20863,338.2
2020,6,4,82,1010.7,10.3,19.1,1.20489,1224.95
2020,6,5,75.2,1012.5,10.8,21.4,1.19762,1403.62
2020,6,6,68.9,1009.9,6.7,21.8,1.19291,333.81
2020,6,7,69.9,1008.3,9.8,20.4,1.19669,1047.91
2020,6,8,81.7,1008.8,6.2,21.3,1.19366,264.68
2020,6,9,70.7,1008.1,7.2,23.1,1.18558,411.71
2020,6,10,73.3,1007.5,8.2,22.6,1.18687,608.85
2020,6,11,81.9,1007.1,9.3,21.5,1.19084,891.17
2020,6,12,81,1006.3,10.3,22.2,1.18708,1206.85
2020,6,13,71.8,1006.4,5.7,22.2,1.18718,204.55
2020,6,14,77.3,1005.9,10.3,22.7,1.1846,1204.33
2020,6,15,81.8,1006.9,11.3,23.5,1.18259,1587.57
2020,6,16,74.6,1006.9,7.7,23.1,1.18417,502.98
2020,6,17,76.4,1006.5,8.7,22.9,1.1845,725.7
2020,6,18,84,1007.9,7.2,22.6,1.18737,412.33
2020,6,19,76.4,1009.8,6.2,24.2,1.1832,262.36
2020,6,20,78.6,1009.4,7.7,23.4,1.18592,503.72
2020,6,21,70.1,1005.5,11.3,23.9,1.17934,1583.2
2020,6,22,71,1005.9,8.2,23.4,1.18179,606.24
2020,6,23,77.1,1008.3,10.3,22.4,1.18863,1208.42
2020,6,24,79.8,1013.9,4.6,23.2,1.19201,107.95
2020,6,25,71.4,1016.8,11.3,25,1.1882,1595.1
2020,6,26,74.9,1015.7,13.9,25.1,1.18653,2964.73
2020,6,27,64.1,1014.4,13.4,25.9,1.18182,2645.63
2020,6,28,60.3,1012.5,12.9,25.9,1.1796,2355.95
2020,6,29,56.5,1009.7,10.3,26.1,1.17555,1195.12
2020,6,30,51.7,1008.2,9.3,27.5,1.16833,874.33
2020,7,1,47.5,1010,10.3,28.6,1.16615,1185.57
2020,7,2,62.1,1008.9,12.3,28.2,1.16646,2019.52
2020,7,3,62.4,1007.2,12.3,27.9,1.16566,2018.12
2020,7,4,64.1,1008.9,11.8,27.8,1.16801,1785.48
2020,7,5,64.3,1007.6,12.9,28.5,1.16381,2324.41
2020,7,6,63.7,1003,14.4,28.6,1.15811,3217.36
2020,7,7,63.8,1001,10.3,29.1,1.1539,1173.11
2020,7,8,54.1,1010.7,12.3,26.1,1.1767,2037.25
2020,7,9,53.4,1015,13.4,24.9,1.18646,2656
2020,7,10,56.6,1014.3,13.4,25.2,1.18446,2651.52
2020,7,11,60.8,1012.4,12.3,25.9,1.17949,2042.06
2020,7,12,63,1010.4,12.9,26.2,1.17598,2348.72
2020,7,13,49.1,1010.8,12.9,27.8,1.17017,2337.12
2020,7,14,52.3,1012.3,13.4,24.1,1.18648,2656.04
2020,7,15,47.5,1013.2,11.3,23.6,1.18952,1596.87
2020,7,16,51.5,1011.5,10.3,24.2,1.18514,1204.88
2020,7,17,46.9,1009.4,8.2,25,1.1795,605.06
2020,7,18,57,1008.2,14.4,25.7,1.17537,3265.3
2020,7,19,57.9,1008.5,11.8,26.2,1.17376,1794.27
2020,7,20,60.7,1010.6,8.2,26.9,1.17347,601.97
2020,7,21,54.3,1014.1,10.3,27.1,1.17674,1196.34
2020,7,22,51.5,1013,14.4,27.1,1.17546,3265.54
2020,7,23,52,1009.6,13.9,27.5,1.16996,2923.31
2020,7,24,55.3,1008,15.4,27.4,1.1685,3970.56
2020,7,25,54.5,1008.1,12.9,26.6,1.17172,2340.22
2020,7,26,55.8,1008.6,10.8,27,1.17075,1372.13
2020,7,27,54.1,1011,10.3,27.6,1.1712,1190.7
2020,7,28,51.5,1011.5,12.3,28.1,1.16983,2025.34
2020,7,29,46,1012.1,13.4,29.3,1.16587,2609.91
2020,7,30,49.3,1013.4,12.9,29.4,1.16699,2330.76
2020,7,31,54.6,1011.5,9.8,29,1.16636,1021.34
2020,8,1,53.5,1007.1,11.3,29.2,1.16052,1557.93
2020,8,2,57.5,1007.8,12.3,28.1,1.16556,2017.96
2020,8,3,49.1,1010.5,11.8,27,1.17294,1793.01
2020,8,4,54.4,1008.9,11.3,26.2,1.17422,1576.32
2020,8,5,54.5,1007.6,12.3,26.8,1.17036,2026.27
2020,8,6,59.4,1008.5,13.4,27,1.17064,2620.6
2020,8,7,63.1,1008.2,12.3,27.7,1.16759,2021.47
2020,8,8,65.3,1006.6,11.3,27.4,1.1669,1566.5
2020,8,9,54.8,1005.5,15.9,28.9,1.15982,4337.55
2020,8,10,51.1,1009.6,11.3,28.1,1.16763,1567.48
2020,8,11,45.2,1012.3,10.3,27.8,1.1719,1191.42
2020,8,12,47.1,1011.8,10.8,28.1,1.17016,1371.44
2020,8,13,49,1012.5,11.3,27.8,1.17214,1573.54
2020,8,14,53.7,1012.6,11.3,27.7,1.17266,1574.23
2020,8,15,47.2,1011.3,11.8,26.6,1.17543,1796.81
2020,8,16,51,1009.9,13.9,26,1.17616,2938.81
2020,8,17,47.9,1011.8,13.4,25.7,1.17954,2640.52
2020,8,18,50.8,1009.6,10.8,25.2,1.17895,1381.75
2020,8,19,54,1006,9.3,26.1,1.17123,876.5
2020,8,20,59.7,1006.9,15.4,25.2,1.17582,3995.45
2020,8,21,57.3,1011.6,8.2,25.9,1.17855,604.57
2020,8,22,49.1,1013.4,9.8,27.6,1.17396,1028
2020,8,23,53,1010.4,10.8,27.7,1.17011,1371.38
2020,8,24,56.7,1008.8,11.3,26.7,1.17215,1573.55
2020,8,25,58,1008.8,10.3,26.7,1.17216,1191.68
2020,8,26,58.5,1010.8,11.3,26.8,1.17409,1576.15
2020,8,27,56.9,1011.1,8.7,26.7,1.17483,719.77
2020,8,28,50.5,1009.7,11.3,27,1.17201,1573.36
2020,8,29,48.6,1009.2,12.9,27.5,1.16948,2335.74
2020,8,30,60.8,1010.1,13.4,27.4,1.17095,2621.28
2020,8,31,63.2,1009.8,9.8,27.5,1.17022,1024.72
2020,9,1,60.8,1005.9,10.8,26.7,1.16879,1369.84
2020,9,2,54.8,1007.4,9.3,26.5,1.1713,876.55
2020,9,3,56.5,1012.4,7.7,27.7,1.17243,497.99
2020,9,4,57.3,1014.3,11.3,26.2,1.18051,1584.77
2020,9,5,47.7,1016.5,9.3,24.8,1.1886,889.5
2020,9,6,42.2,1012.7,11.3,26.8,1.17626,1579.06
2020,9,7,51.1,1013.1,12.3,26.8,1.17674,2037.32
2020,9,8,57.3,1016.6,11.3,26.4,1.1824,1587.3
2020,9,9,57.1,1018.7,18,26.5,1.18444,6426.78
2020,9,10,58.6,1013.9,14.9,25.2,1.18399,3643.93
2020,9,11,62.7,1009.9,14.4,25.7,1.17736,3270.84
2020,9,12,59.2,1011.9,13.4,26,1.17851,2638.2
2020,9,13,58.2,1016.1,12.3,26.5,1.18142,2045.42
2020,9,14,47.4,1018.8,15.4,26.5,1.18454,4025.06
2020,9,15,51.7,1017.8,14.4,26.2,1.18457,3290.86
2020,9,16,61.2,1015.8,13.4,25.4,1.18543,2653.69
2020,9,17,65.1,1012.7,11.3,25,1.1834,1588.65
2020,9,18,63.9,1012.6,16.5,25.3,1.18209,4940.43
2020,9,19,56.3,1016,12.9,23.8,1.19202,2380.76
2020,9,20,56,1015.6,11.8,20.6,1.20451,1841.27
2020,9,21,58.5,1015.5,11.3,23.2,1.19385,1602.68
2020,9,22,59.9,1016.6,12.3,23.6,1.19354,2066.39
2020,9,23,62.6,1015.4,5.7,22.4,1.19697,206.24
2020,9,24,65.2,1011.9,6.7,21.8,1.19527,334.47
2020,9,25,78.9,1009.9,8.2,21.9,1.19253,611.75
2020,9,26,61.7,1002.7,21.6,25,1.17171,10986.05
2020,9,27,67,1008.8,9.3,23.8,1.1836,885.76
2020,9,28,63.1,1015.7,12.3,21.6,1.20056,2078.56
2020,9,29,79.9,1011.4,10.8,23.4,1.18827,1392.67
2020,9,30,64.3,1009.7,7.2,20.7,1.19712,415.72
2020,10,1,68,1008.8,9.3,18.6,1.20466,901.52
2020,10,2,71.1,1012.4,7.2,20.2,1.20238,417.54
2020,10,3,74,1016.1,6.7,20.8,1.20432,337
2020,10,4,70.6,1016.2,4.6,21.3,1.20239,108.89
2020,10,5,63.6,1015.8,6.2,23.2,1.19421,264.8
2020,10,6,70.6,1014.2,7.2,23.3,1.19195,413.92
2020,10,7,76.9,1012.8,22.6,23.3,1.19031,12783.44
2020,10,8,74.5,1009,17,21.8,1.19186,5447.95
2020,10,9,83.9,1014.3,4.6,17.2,1.21708,110.22
2020,10,10,79.8,1017.6,4.1,18.1,1.21727,78.05
2020,10,11,77,1015.6,4.1,18.6,1.21279,77.77
2020,10,12,76.5,1013.1,7.7,19.8,1.20486,511.76
2020,10,13,74.6,1007.6,19,21.6,1.19101,7600.43
2020,10,14,80.9,1013.1,8.2,21.1,1.19955,615.35
2020,10,15,85.6,1017.5,7.7,19.5,1.21134,514.52
2020,10,16,83.2,1014.8,9.3,19.5,1.20813,904.11
2020,10,17,75.3,1010.4,12.9,22.4,1.1911,2378.91
2020,10,18,87.3,1013.8,12.9,20,1.20489,2406.45
2020,10,19,65.3,1020.2,12.3,17.6,1.22245,2116.45
2020,10,20,71.8,1022.8,9.8,15.8,1.2332,1079.87
2020,10,21,81,1021.9,12.3,17.3,1.22577,2122.2
2020,10,22,83.1,1021.3,9.8,19.2,1.21711,1065.78
2020,10,23,86,1020,7.2,18.6,1.21806,422.99
2020,10,24,82.5,1016.3,5.1,18.5,1.21405,149.83
2020,10,25,81.4,1012.6,4.6,18.9,1.20798,109.39
2020,10,26,90.6,1013,6.2,19.8,1.20476,267.14
2020,10,27,90.1,1013.8,4.1,16.6,1.219,78.17
2020,10,28,89.3,1013.3,5.7,18,1.21255,208.92
2020,10,29,83.9,1013.5,5.1,17.9,1.2132,149.73
2020,10,30,92.5,1016.5,7.2,15.3,1.22775,426.35
2020,10,31,84.9,1019.5,4.6,14.4,1.23521,111.86
2020,11,1,68.9,1019.5,8.7,14.1,1.23648,757.54
2020,11,2,65.5,1022,5.1,11.7,1.24994,154.26
2020,11,3,73.9,1019.4,4.1,13.1,1.24068,79.56
2020,11,4,72.9,1019.7,7.7,15.6,1.23031,522.57
2020,11,5,73.6,1023.9,12.3,14.7,1.23924,2145.51
2020,11,6,72.8,1025,13.4,14.5,1.24143,2779.06
2020,11,7,74.8,1027.2,13.9,14.2,1.24539,3111.8
2020,11,8,77,1024.8,13.4,15.3,1.23775,2770.83
2020,11,9,83.2,1021.4,11.3,15.7,1.23195,1653.83
2020,11,10,84.8,1022.2,13.4,16.1,1.23121,2756.19
2020,11,11,84.8,1024.5,11.8,14.9,1.23912,1894.17
2020,11,12,85.7,1024.3,10.3,15.4,1.23673,1257.33
2020,11,13,88,1023.9,6.2,13,1.24661,276.42
2020,11,14,88,1023.8,6.2,11.8,1.25173,277.55
2020,11,15,80.8,1023.5,6.2,12.3,1.24916,276.98
2020,11,16,77.1,1021.9,4.6,11.8,1.24939,113.14
2020,11,17,86.3,1022.9,8.7,10.9,1.25458,768.63
2020,11,18,90.2,1025.6,11.3,11.7,1.25437,1683.92
2020,11,19,78.5,1022.8,15.4,12.9,1.24569,4232.86
2020,11,20,71.5,1015.9,13.9,12.5,1.23901,3095.85
2020,11,21,77.9,1021.2,14.4,11,1.25205,3478.32
2020,11,22,81.6,1028.4,11.8,10.5,1.2631,1930.83
2020,11,23,83.3,1027.2,8.2,10.6,1.26118,646.96
2020,11,24,82.5,1022.8,14.4,9,1.26289,3508.45
2020,11,25,70.9,1023,13.4,11.3,1.25293,2804.79
2020,11,26,76.2,1022.5,13.4,11.5,1.25144,2801.47
2020,11,27,82.4,1021.2,7.7,11.3,1.25073,531.25
2020,11,28,86,1019.8,5.1,9.3,1.25785,155.24
2020,11,29,86.1,1017.5,8.2,11.6,1.24489,638.61
2020,11,30,79.7,1015.2,13.9,12.1,1.2399,3098.08
2020,12,1,86.3,1020.4,10.5,6,1.27346,1371.56
2020,12,2,82.3,1021.7,7.2,5.8,1.27599,443.1
2020,12,3,88.4,1020.9,6.9,6.4,1.27226,388.85
2020,12,4,92.1,1015.4,6.2,9.4,1.25199,277.61
2020,12,5,94.6,1016.2,6.2,12.9,1.23767,274.44
2020,12,6,94.3,1017.4,7.7,12,1.24304,527.98
2020,12,7,95.7,1012.9,9.1,12,1.23754,867.65
